4000.jpg 710 1080 0.657407
4001.jpg 710 1080 0.657407
4002.jpg 710 1080 0.657407
4003.jpg 710 1080 0.657407
4004.jpg 710 1080 0.657407
4005.jpg 710 1080 0.657407
4006.jpg 710 1080 0.657407
4007.jpg 710 1080 0.657407
4008.jpg 710 1080 0.657407
4009.jpg 710 1080 0.657407
4010.jpg 710 1080 0.657407
4011.jpg 710 1080 0.657407
4012.jpg 710 1080 0.657407
4013.jpg 710 1080 0.657407
4014.jpg 710 1080 0.657407
4015.jpg 710 1080 0.657407
4016.jpg 710 1080 0.657407
4017.jpg 710 1080 0.657407
4018.jpg 710 1080 0.657407
4019.jpg 710 1080 0.657407
4020.jpg 710 1080 0.657407
4021.jpg 710 1080 0.657407
4022.jpg 710 1080 0.657407
4023.jpg 710 1080 0.657407
4024.jpg 710 1080 0.657407
4025.jpg 710 1080 0.657407
4026.jpg 710 1080 0.657407
4027.jpg 710 1080 0.657407
4028.jpg 710 1080 0.657407
4029.jpg 710 1080 0.657407
4030.jpg 710 1080 0.657407
4031.jpg 710 1080 0.657407
4032.jpg 710 1080 0.657407
4033.jpg 710 1080 0.657407
4034.jpg 710 1080 0.657407
4035.jpg 710 1080 0.657407
4036.jpg 710 1080 0.657407
4037.jpg 710 1080 0.657407
4038.jpg 710 1080 0.657407
4039.jpg 710 1080 0.657407
4040.jpg 710 1080 0.657407
4041.jpg 710 1080 0.657407
4042.jpg 710 1080 0.657407
4043.jpg 710 1080 0.657407
4044.jpg 710 1080 0.657407
4045.jpg 710 1080 0.657407
4046.jpg 710 1080 0.657407
4047.jpg 710 1080 0.657407
4048.jpg 710 1080 0.657407
4049.jpg 710 1080 0.657407
4050.jpg 710 1080 0.657407
4051.jpg 710 1080 0.657407
4052.jpg 710 1080 0.657407
4053.jpg 710 1080 0.657407
4054.jpg 710 1080 0.657407
4055.jpg 710 1080 0.657407
4056.jpg 710 1080 0.657407
4057.jpg 710 1080 0.657407
4058.jpg 710 1080 0.657407
4059.jpg 710 1080 0.657407
4060.jpg 710 1080 0.657407
4061.jpg 710 1080 0.657407
4062.jpg 710 1080 0.657407
4063.jpg 710 1080 0.657407
4064.jpg 710 1080 0.657407
4065.jpg 710 1080 0.657407
4066.jpg 710 1080 0.657407
4067.jpg 710 1080 0.657407
4068.jpg 710 1080 0.657407
4069.jpg 710 1080 0.657407
4070.jpg 710 1080 0.657407
4071.jpg 710 1080 0.657407
