0000.jpg 935 1440 0.649306
0001.jpg 935 1440 0.649306
0002.jpg 935 1440 0.649306
0003.jpg 935 1440 0.649306
0004.jpg 935 1440 0.649306
0005.jpg 935 1440 0.649306
0006.jpg 935 1440 0.649306
0007.jpg 935 1440 0.649306
0008.jpg 935 1440 0.649306
0009.jpg 935 1440 0.649306
0010.jpg 935 1440 0.649306
0011.jpg 935 1440 0.649306
0012.jpg 935 1440 0.649306
0013.jpg 935 1440 0.649306
0014.jpg 935 1440 0.649306
0015.jpg 935 1440 0.649306
0016.jpg 935 1440 0.649306
0017.jpg 935 1440 0.649306
0018.jpg 935 1440 0.649306
0019.jpg 935 1440 0.649306
0020.jpg 935 1440 0.649306
0021.jpg 935 1440 0.649306
0022.jpg 935 1440 0.649306
0023.jpg 935 1440 0.649306
0024.jpg 935 1440 0.649306
0025.jpg 935 1440 0.649306
0026.jpg 935 1440 0.649306
0027.jpg 935 1440 0.649306
0028.jpg 935 1440 0.649306
0029.jpg 935 1440 0.649306
0030.jpg 935 1440 0.649306
0031.jpg 935 1440 0.649306
0032.jpg 935 1440 0.649306
0033.jpg 935 1440 0.649306
0034.jpg 935 1440 0.649306
0035.jpg 935 1440 0.649306
0036.jpg 935 1440 0.649306
0037.jpg 935 1440 0.649306
0038.jpg 935 1440 0.649306
0039.jpg 935 1440 0.649306
0040.jpg 935 1440 0.649306
0041.jpg 935 1440 0.649306
0042.jpg 935 1440 0.649306
0043.jpg 935 1440 0.649306
0044.jpg 935 1440 0.649306
0045.jpg 935 1440 0.649306
0046.jpg 935 1440 0.649306
0047.jpg 935 1440 0.649306
0048.jpg 935 1440 0.649306
0049.jpg 935 1440 0.649306
0050.jpg 935 1440 0.649306
0051.jpg 935 1440 0.649306
0052.jpg 935 1440 0.649306
0053.jpg 935 1440 0.649306
0054.jpg 935 1440 0.649306
0055.jpg 935 1440 0.649306
0056.jpg 935 1440 0.649306
0057.jpg 935 1440 0.649306
0058.jpg 935 1440 0.649306
0059.jpg 935 1440 0.649306
0060.jpg 935 1440 0.649306
0061.jpg 935 1440 0.649306
0062.jpg 935 1440 0.649306
0063.jpg 935 1440 0.649306
0064.jpg 935 1440 0.649306
0065.jpg 935 1440 0.649306
0066.jpg 935 1440 0.649306
0067.jpg 935 1440 0.649306
0068.jpg 935 1440 0.649306
0069.jpg 935 1440 0.649306
0070.jpg 935 1440 0.649306
0071.jpg 935 1440 0.649306
0072.jpg 935 1440 0.649306
0073.jpg 935 1440 0.649306
0074.jpg 935 1440 0.649306
0075.jpg 935 1440 0.649306
0076.jpg 935 1440 0.649306
0077.jpg 935 1440 0.649306
0078.jpg 935 1440 0.649306
0079.jpg 935 1440 0.649306
0080.jpg 935 1440 0.649306
0081.jpg 935 1440 0.649306
0082.jpg 935 1440 0.649306
0083.jpg 935 1440 0.649306
0084.jpg 935 1440 0.649306
0085.jpg 935 1440 0.649306
0086.jpg 935 1440 0.649306
0087.jpg 935 1440 0.649306
0088.jpg 935 1440 0.649306
0089.jpg 935 1440 0.649306
0090.jpg 935 1440 0.649306
0091.jpg 935 1440 0.649306
0092.jpg 935 1440 0.649306
0093.jpg 935 1440 0.649306
0094.jpg 935 1440 0.649306
0095.jpg 935 1440 0.649306
0096.jpg 935 1440 0.649306
0097.jpg 935 1440 0.649306
0098.jpg 935 1440 0.649306
0099.jpg 935 1440 0.649306
0100.jpg 935 1440 0.649306
0101.jpg 935 1440 0.649306
0102.jpg 935 1440 0.649306
0103.jpg 935 1440 0.649306
0104.jpg 935 1440 0.649306
0105.jpg 935 1440 0.649306
0106.jpg 935 1440 0.649306
0107.jpg 935 1440 0.649306
0108.jpg 935 1440 0.649306
0109.jpg 935 1440 0.649306
0110.jpg 935 1440 0.649306
0111.jpg 935 1440 0.649306
0112.jpg 935 1440 0.649306
0113.jpg 935 1440 0.649306
0114.jpg 935 1440 0.649306
0115.jpg 935 1440 0.649306
0116.jpg 935 1440 0.649306
0117.jpg 935 1440 0.649306
0118.jpg 935 1440 0.649306
0119.jpg 935 1440 0.649306
0120.jpg 935 1440 0.649306
0121.jpg 935 1440 0.649306
0122.jpg 935 1440 0.649306
0123.jpg 935 1440 0.649306
0124.jpg 935 1440 0.649306
0125.jpg 935 1440 0.649306
0126.jpg 935 1440 0.649306
0127.jpg 935 1440 0.649306
0128.jpg 935 1440 0.649306
0129.jpg 935 1440 0.649306
0130.jpg 935 1440 0.649306
0131.jpg 935 1440 0.649306
0132.jpg 935 1440 0.649306
0133.jpg 935 1440 0.649306
0134.jpg 935 1440 0.649306
0135.jpg 935 1440 0.649306
0136.jpg 935 1440 0.649306
0137.jpg 935 1440 0.649306
0138.jpg 935 1440 0.649306
0139.jpg 935 1440 0.649306
0140.jpg 935 1440 0.649306
0141.jpg 935 1440 0.649306
0142.jpg 935 1440 0.649306
0143.jpg 935 1440 0.649306
0144.jpg 935 1440 0.649306
0145.jpg 935 1440 0.649306
0146.jpg 935 1440 0.649306
0147.jpg 935 1440 0.649306
0148.jpg 935 1440 0.649306
0149.jpg 935 1440 0.649306
0150.jpg 935 1440 0.649306
0151.jpg 935 1440 0.649306
0152.jpg 935 1440 0.649306
0153.jpg 935 1440 0.649306
0154.jpg 935 1440 0.649306
0155.jpg 935 1440 0.649306
0156.jpg 935 1440 0.649306
0157.jpg 935 1440 0.649306
0158.jpg 935 1440 0.649306
0159.jpg 935 1440 0.649306
0160.jpg 935 1440 0.649306
0161.jpg 935 1440 0.649306
0162.jpg 935 1440 0.649306
0163.jpg 935 1440 0.649306
0164.jpg 935 1440 0.649306
0165.jpg 935 1440 0.649306
0166.jpg 935 1440 0.649306
0167.jpg 935 1440 0.649306
0168.jpg 935 1440 0.649306
0169.jpg 935 1440 0.649306
0170.jpg 935 1440 0.649306
0171.jpg 935 1440 0.649306
0172.jpg 935 1440 0.649306
0173.jpg 935 1440 0.649306
0174.jpg 935 1440 0.649306
0175.jpg 935 1440 0.649306
0176.jpg 935 1440 0.649306
0177.jpg 935 1440 0.649306
0178.jpg 935 1440 0.649306
0179.jpg 935 1440 0.649306
0180.jpg 935 1440 0.649306
0181.jpg 935 1440 0.649306
0182.jpg 935 1440 0.649306
0183.jpg 935 1440 0.649306
0184.jpg 935 1440 0.649306
0185.jpg 935 1440 0.649306
0186.jpg 935 1440 0.649306
0187.jpg 935 1440 0.649306
0188.jpg 935 1440 0.649306
0189.jpg 935 1440 0.649306
0190.jpg 935 1440 0.649306
0191.jpg 935 1440 0.649306
0192.jpg 935 1440 0.649306
0193.jpg 935 1440 0.649306
0194.jpg 935 1440 0.649306
0195.jpg 935 1440 0.649306
0196.jpg 935 1440 0.649306
0197.jpg 935 1440 0.649306
0198.jpg 935 1440 0.649306
0199.jpg 935 1440 0.649306
0200.jpg 935 1440 0.649306
0201.jpg 935 1440 0.649306
0202.jpg 935 1440 0.649306
0203.jpg 935 1440 0.649306
0204.jpg 935 1440 0.649306
0205.jpg 935 1440 0.649306
0206.jpg 935 1440 0.649306
0207.jpg 935 1440 0.649306
0208.jpg 935 1440 0.649306
0209.jpg 935 1440 0.649306
0210.jpg 935 1440 0.649306
0211.jpg 935 1440 0.649306
0212.jpg 935 1440 0.649306
0213.jpg 935 1440 0.649306
0214.jpg 935 1440 0.649306
0215.jpg 935 1440 0.649306
0216.jpg 935 1440 0.649306
0217.jpg 935 1440 0.649306
0218.jpg 935 1440 0.649306
0219.jpg 935 1440 0.649306
0220.jpg 935 1440 0.649306
0221.jpg 935 1440 0.649306
0222.jpg 935 1440 0.649306
0223.jpg 935 1440 0.649306
0224.jpg 935 1440 0.649306
0225.jpg 935 1440 0.649306
0226.jpg 935 1440 0.649306
0227.jpg 935 1440 0.649306
0228.jpg 935 1440 0.649306
0229.jpg 935 1440 0.649306
0230.jpg 935 1440 0.649306
0231.jpg 935 1440 0.649306
0232.jpg 935 1440 0.649306
0233.jpg 935 1440 0.649306
0234.jpg 935 1440 0.649306
0235.jpg 935 1440 0.649306
0236.jpg 935 1440 0.649306
0237.jpg 935 1440 0.649306
0238.jpg 935 1440 0.649306
0239.jpg 935 1440 0.649306
0240.jpg 935 1440 0.649306
0241.jpg 935 1440 0.649306
0242.jpg 935 1440 0.649306
0243.jpg 935 1440 0.649306
0244.jpg 935 1440 0.649306
0245.jpg 935 1440 0.649306
0246.jpg 935 1440 0.649306
0247.jpg 935 1440 0.649306
0248.jpg 935 1440 0.649306
0249.jpg 935 1440 0.649306
0250.jpg 935 1440 0.649306
0251.jpg 935 1440 0.649306
0252.jpg 935 1440 0.649306
0253.jpg 935 1440 0.649306
0254.jpg 935 1440 0.649306
0255.jpg 935 1440 0.649306
0256.jpg 935 1440 0.649306
0257.jpg 935 1440 0.649306
0258.jpg 935 1440 0.649306
0259.jpg 935 1440 0.649306
0260.jpg 935 1440 0.649306
0261.jpg 935 1440 0.649306
0262.jpg 935 1440 0.649306
0263.jpg 935 1440 0.649306
0264.jpg 935 1440 0.649306
0265.jpg 935 1440 0.649306
0266.jpg 935 1440 0.649306
0267.jpg 935 1440 0.649306
0268.jpg 935 1440 0.649306
0269.jpg 935 1440 0.649306
0270.jpg 935 1440 0.649306
0271.jpg 935 1440 0.649306
0272.jpg 935 1440 0.649306
0273.jpg 935 1440 0.649306
0274.jpg 935 1440 0.649306
0275.jpg 935 1440 0.649306
0276.jpg 935 1440 0.649306
0277.jpg 935 1440 0.649306
0278.jpg 935 1440 0.649306
0279.jpg 935 1440 0.649306
0280.jpg 935 1440 0.649306
0281.jpg 935 1440 0.649306
0282.jpg 935 1440 0.649306
0283.jpg 935 1440 0.649306
0284.jpg 935 1440 0.649306
0285.jpg 935 1440 0.649306
0286.jpg 935 1440 0.649306
0287.jpg 935 1440 0.649306
0288.jpg 935 1440 0.649306
0289.jpg 935 1440 0.649306
0290.jpg 935 1440 0.649306
0291.jpg 935 1440 0.649306
0292.jpg 935 1440 0.649306
0293.jpg 935 1440 0.649306
0294.jpg 935 1440 0.649306
0295.jpg 935 1440 0.649306
0296.jpg 935 1440 0.649306
0297.jpg 935 1440 0.649306
0298.jpg 935 1440 0.649306
0299.jpg 935 1440 0.649306
0300.jpg 935 1440 0.649306
0301.jpg 935 1440 0.649306
0302.jpg 935 1440 0.649306
0303.jpg 935 1440 0.649306
0304.jpg 935 1440 0.649306
0305.jpg 935 1440 0.649306
0306.jpg 935 1440 0.649306
0307.jpg 935 1440 0.649306
0308.jpg 935 1440 0.649306
0309.jpg 935 1440 0.649306
0310.jpg 935 1440 0.649306
0311.jpg 935 1440 0.649306
0312.jpg 935 1440 0.649306
0313.jpg 935 1440 0.649306
0314.jpg 935 1440 0.649306
0315.jpg 935 1440 0.649306
0316.jpg 935 1440 0.649306
0317.jpg 935 1440 0.649306
0318.jpg 935 1440 0.649306
0319.jpg 935 1440 0.649306
0320.jpg 935 1440 0.649306
0321.jpg 935 1440 0.649306
0322.jpg 935 1440 0.649306
0323.jpg 935 1440 0.649306
