0000.jpg 896 1080 0.82963
0001.jpg 896 1080 0.82963
0002.jpg 896 1080 0.82963
0003.jpg 896 1080 0.82963
0004.jpg 896 1080 0.82963
0005.jpg 896 1080 0.82963
0006.jpg 896 1080 0.82963
0007.jpg 896 1080 0.82963
0008.jpg 896 1080 0.82963
0009.jpg 896 1080 0.82963
0010.jpg 896 1080 0.82963
0011.jpg 896 1080 0.82963
0012.jpg 896 1080 0.82963
0013.jpg 896 1080 0.82963
0014.jpg 896 1080 0.82963
0015.jpg 896 1080 0.82963
0016.jpg 896 1080 0.82963
0017.jpg 896 1080 0.82963
0018.jpg 896 1080 0.82963
0019.jpg 896 1080 0.82963
0020.jpg 896 1080 0.82963
0021.jpg 896 1080 0.82963
0022.jpg 896 1080 0.82963
0023.jpg 896 1080 0.82963
0024.jpg 896 1080 0.82963
0025.jpg 896 1080 0.82963
0026.jpg 896 1080 0.82963
0027.jpg 896 1080 0.82963
0028.jpg 896 1080 0.82963
0029.jpg 896 1080 0.82963
0030.jpg 896 1080 0.82963
0031.jpg 896 1080 0.82963
0032.jpg 896 1080 0.82963
0033.jpg 896 1080 0.82963
0034.jpg 896 1080 0.82963
0035.jpg 896 1080 0.82963
