0000.jpg 608 1080 0.562963
0001.jpg 608 1080 0.562963
0002.jpg 608 1080 0.562963
0003.jpg 608 1080 0.562963
0004.jpg 608 1080 0.562963
0005.jpg 608 1080 0.562963
0006.jpg 608 1080 0.562963
0007.jpg 608 1080 0.562963
0008.jpg 608 1080 0.562963
0009.jpg 608 1080 0.562963
0010.jpg 608 1080 0.562963
0011.jpg 608 1080 0.562963
0012.jpg 608 1080 0.562963
0013.jpg 608 1080 0.562963
0014.jpg 608 1080 0.562963
0015.jpg 608 1080 0.562963
0016.jpg 608 1080 0.562963
0017.jpg 608 1080 0.562963
0018.jpg 608 1080 0.562963
0019.jpg 608 1080 0.562963
0020.jpg 608 1080 0.562963
0021.jpg 608 1080 0.562963
0022.jpg 608 1080 0.562963
0023.jpg 608 1080 0.562963
0024.jpg 608 1080 0.562963
0025.jpg 608 1080 0.562963
0026.jpg 608 1080 0.562963
0027.jpg 608 1080 0.562963
0028.jpg 608 1080 0.562963
0029.jpg 608 1080 0.562963
0030.jpg 608 1080 0.562963
0031.jpg 608 1080 0.562963
0032.jpg 608 1080 0.562963
0033.jpg 608 1080 0.562963
0034.jpg 608 1080 0.562963
0035.jpg 608 1080 0.562963
