4018.jpg 1411 1080 1.30648
4029.jpg 1411 1080 1.30648
4038.jpg 1409 1080 1.30463
4055.jpg 1408 1080 1.3037
4003.jpg 1397 1080 1.29352
4020.jpg 1396 1080 1.29259
4042.jpg 1393 1080 1.28981
4037.jpg 1390 1080 1.28704
4010.jpg 1386 1080 1.28333
4014.jpg 1385 1080 1.28241
4021.jpg 1379 1080 1.27685
4048.jpg 1379 1080 1.27685
4059.jpg 1369 1080 1.26759
4036.jpg 1363 1080 1.26204
4019.jpg 1359 1080 1.25833
4040.jpg 1359 1080 1.25833
4052.jpg 1359 1080 1.25833
4002.jpg 1357 1080 1.25648
4031.jpg 1357 1080 1.25648
4041.jpg 1357 1080 1.25648
4046.jpg 1357 1080 1.25648
4000.jpg 1356 1080 1.25556
4017.jpg 1355 1080 1.25463
4070.jpg 1355 1080 1.25463
4065.jpg 1351 1080 1.25093
4007.jpg 1350 1080 1.25
4015.jpg 1347 1080 1.24722
4044.jpg 1347 1080 1.24722
4056.jpg 1347 1080 1.24722
4005.jpg 1346 1080 1.2463
4016.jpg 1344 1080 1.24444
4045.jpg 1343 1080 1.24352
4025.jpg 1342 1080 1.24259
4026.jpg 1341 1080 1.24167
4033.jpg 1341 1080 1.24167
4066.jpg 1341 1080 1.24167
4068.jpg 1340 1080 1.24074
4008.jpg 1339 1080 1.23981
4009.jpg 1339 1080 1.23981
4027.jpg 1335 1080 1.23611
4006.jpg 1334 1080 1.23519
4062.jpg 1334 1080 1.23519
4047.jpg 1333 1080 1.23426
4028.jpg 1332 1080 1.23333
4024.jpg 1331 1080 1.23241
4043.jpg 1331 1080 1.23241
4064.jpg 1331 1080 1.23241
4069.jpg 1331 1080 1.23241
4053.jpg 1330 1080 1.23148
4011.jpg 1329 1080 1.23056
4013.jpg 1328 1080 1.22963
4032.jpg 1327 1080 1.2287
4035.jpg 1327 1080 1.2287
4022.jpg 1326 1080 1.22778
4051.jpg 1325 1080 1.22685
4058.jpg 1325 1080 1.22685
4071.jpg 1325 1080 1.22685
4012.jpg 1323 1080 1.225
4050.jpg 1323 1080 1.225
4060.jpg 1322 1080 1.22407
4001.jpg 1321 1080 1.22315
4034.jpg 1321 1080 1.22315
4054.jpg 1321 1080 1.22315
4039.jpg 1320 1080 1.22222
4061.jpg 1320 1080 1.22222
4049.jpg 1318 1080 1.22037
4063.jpg 1318 1080 1.22037
4004.jpg 1317 1080 1.21944
4023.jpg 1316 1080 1.21852
4067.jpg 1315 1080 1.21759
4030.jpg 1314 1080 1.21667
4057.jpg 1314 1080 1.21667
