0000.jpg 1029 720 1.42917
0001.jpg 1029 720 1.42917
0002.jpg 1029 720 1.42917
0003.jpg 1029 720 1.42917
0004.jpg 1029 720 1.42917
0005.jpg 1029 720 1.42917
0006.jpg 1029 720 1.42917
0007.jpg 1029 720 1.42917
0008.jpg 1029 720 1.42917
0009.jpg 1029 720 1.42917
0010.jpg 1029 720 1.42917
0011.jpg 1029 720 1.42917
0012.jpg 1029 720 1.42917
0013.jpg 1029 720 1.42917
0014.jpg 1029 720 1.42917
0015.jpg 1029 720 1.42917
0016.jpg 1029 720 1.42917
0017.jpg 1029 720 1.42917
0018.jpg 1029 720 1.42917
0019.jpg 1029 720 1.42917
0020.jpg 1029 720 1.42917
0021.jpg 1029 720 1.42917
0022.jpg 1029 720 1.42917
0023.jpg 1029 720 1.42917
0024.jpg 1029 720 1.42917
0025.jpg 1029 720 1.42917
0026.jpg 1029 720 1.42917
0027.jpg 1029 720 1.42917
0028.jpg 1029 720 1.42917
0029.jpg 1029 720 1.42917
0030.jpg 1029 720 1.42917
0031.jpg 1029 720 1.42917
0032.jpg 1029 720 1.42917
0033.jpg 1029 720 1.42917
0034.jpg 1029 720 1.42917
0035.jpg 1029 720 1.42917
0036.jpg 1029 720 1.42917
0037.jpg 1029 720 1.42917
0038.jpg 1029 720 1.42917
0039.jpg 1029 720 1.42917
0040.jpg 1029 720 1.42917
0041.jpg 1029 720 1.42917
0042.jpg 1029 720 1.42917
0043.jpg 1029 720 1.42917
0044.jpg 1029 720 1.42917
0045.jpg 1029 720 1.42917
0046.jpg 1029 720 1.42917
0047.jpg 1029 720 1.42917
0048.jpg 1029 720 1.42917
0049.jpg 1029 720 1.42917
0050.jpg 1029 720 1.42917
0051.jpg 1029 720 1.42917
0052.jpg 1029 720 1.42917
0053.jpg 1029 720 1.42917
0054.jpg 1029 720 1.42917
0055.jpg 1029 720 1.42917
0056.jpg 1029 720 1.42917
0057.jpg 1029 720 1.42917
0058.jpg 1029 720 1.42917
0059.jpg 1029 720 1.42917
0060.jpg 1029 720 1.42917
0061.jpg 1029 720 1.42917
0062.jpg 1029 720 1.42917
0063.jpg 1029 720 1.42917
0064.jpg 1029 720 1.42917
0065.jpg 1029 720 1.42917
0066.jpg 1029 720 1.42917
0067.jpg 1029 720 1.42917
0068.jpg 1029 720 1.42917
0069.jpg 1029 720 1.42917
0070.jpg 1029 720 1.42917
0071.jpg 1029 720 1.42917
0072.jpg 1029 720 1.42917
0073.jpg 1029 720 1.42917
0074.jpg 1029 720 1.42917
0075.jpg 1029 720 1.42917
0076.jpg 1029 720 1.42917
0077.jpg 1029 720 1.42917
0078.jpg 1029 720 1.42917
0079.jpg 1029 720 1.42917
0080.jpg 1029 720 1.42917
0081.jpg 1029 720 1.42917
0082.jpg 1029 720 1.42917
0083.jpg 1029 720 1.42917
0084.jpg 1029 720 1.42917
0085.jpg 1029 720 1.42917
0086.jpg 1029 720 1.42917
0087.jpg 1029 720 1.42917
0088.jpg 1029 720 1.42917
0089.jpg 1029 720 1.42917
0090.jpg 1029 720 1.42917
0091.jpg 1029 720 1.42917
0092.jpg 1029 720 1.42917
0093.jpg 1029 720 1.42917
0094.jpg 1029 720 1.42917
0095.jpg 1029 720 1.42917
0096.jpg 1029 720 1.42917
0097.jpg 1029 720 1.42917
0098.jpg 1029 720 1.42917
0099.jpg 1029 720 1.42917
0100.jpg 1029 720 1.42917
0101.jpg 1029 720 1.42917
0102.jpg 1029 720 1.42917
0103.jpg 1029 720 1.42917
0104.jpg 1029 720 1.42917
0105.jpg 1029 720 1.42917
0106.jpg 1029 720 1.42917
0107.jpg 1029 720 1.42917
0108.jpg 1029 720 1.42917
0109.jpg 1029 720 1.42917
0110.jpg 1029 720 1.42917
0111.jpg 1029 720 1.42917
0112.jpg 1029 720 1.42917
0113.jpg 1029 720 1.42917
0114.jpg 1029 720 1.42917
0115.jpg 1029 720 1.42917
0116.jpg 1029 720 1.42917
0117.jpg 1029 720 1.42917
0118.jpg 1029 720 1.42917
0119.jpg 1029 720 1.42917
0120.jpg 1029 720 1.42917
0121.jpg 1029 720 1.42917
0122.jpg 1029 720 1.42917
0123.jpg 1029 720 1.42917
0124.jpg 1029 720 1.42917
0125.jpg 1029 720 1.42917
0126.jpg 1029 720 1.42917
0127.jpg 1029 720 1.42917
0128.jpg 1029 720 1.42917
0129.jpg 1029 720 1.42917
0130.jpg 1029 720 1.42917
0131.jpg 1029 720 1.42917
0132.jpg 1029 720 1.42917
0133.jpg 1029 720 1.42917
0134.jpg 1029 720 1.42917
0135.jpg 1029 720 1.42917
0136.jpg 1029 720 1.42917
0137.jpg 1029 720 1.42917
0138.jpg 1029 720 1.42917
0139.jpg 1029 720 1.42917
0140.jpg 1029 720 1.42917
0141.jpg 1029 720 1.42917
0142.jpg 1029 720 1.42917
0143.jpg 1029 720 1.42917
