0000.jpg 900 1080 0.833333
0001.jpg 900 1080 0.833333
0002.jpg 900 1080 0.833333
0003.jpg 900 1080 0.833333
0004.jpg 900 1080 0.833333
0005.jpg 900 1080 0.833333
0006.jpg 900 1080 0.833333
0007.jpg 900 1080 0.833333
0008.jpg 900 1080 0.833333
0009.jpg 900 1080 0.833333
0010.jpg 900 1080 0.833333
0011.jpg 900 1080 0.833333
0012.jpg 900 1080 0.833333
0013.jpg 900 1080 0.833333
0014.jpg 900 1080 0.833333
0015.jpg 900 1080 0.833333
0016.jpg 900 1080 0.833333
0017.jpg 900 1080 0.833333
0018.jpg 900 1080 0.833333
0019.jpg 900 1080 0.833333
0020.jpg 900 1080 0.833333
0021.jpg 900 1080 0.833333
0022.jpg 900 1080 0.833333
0023.jpg 900 1080 0.833333
0024.jpg 900 1080 0.833333
0025.jpg 900 1080 0.833333
0026.jpg 900 1080 0.833333
0027.jpg 900 1080 0.833333
0028.jpg 900 1080 0.833333
0029.jpg 900 1080 0.833333
0030.jpg 900 1080 0.833333
0031.jpg 900 1080 0.833333
0032.jpg 900 1080 0.833333
0033.jpg 900 1080 0.833333
0034.jpg 900 1080 0.833333
0035.jpg 900 1080 0.833333
0036.jpg 900 1080 0.833333
0037.jpg 900 1080 0.833333
0038.jpg 900 1080 0.833333
0039.jpg 900 1080 0.833333
0040.jpg 900 1080 0.833333
0041.jpg 900 1080 0.833333
0042.jpg 900 1080 0.833333
0043.jpg 900 1080 0.833333
0044.jpg 900 1080 0.833333
0045.jpg 900 1080 0.833333
0046.jpg 900 1080 0.833333
0047.jpg 900 1080 0.833333
0048.jpg 900 1080 0.833333
0049.jpg 900 1080 0.833333
0050.jpg 900 1080 0.833333
0051.jpg 900 1080 0.833333
0052.jpg 900 1080 0.833333
0053.jpg 900 1080 0.833333
0054.jpg 900 1080 0.833333
0055.jpg 900 1080 0.833333
0056.jpg 900 1080 0.833333
0057.jpg 900 1080 0.833333
0058.jpg 900 1080 0.833333
0059.jpg 900 1080 0.833333
0060.jpg 900 1080 0.833333
0061.jpg 900 1080 0.833333
0062.jpg 900 1080 0.833333
0063.jpg 900 1080 0.833333
0064.jpg 900 1080 0.833333
0065.jpg 900 1080 0.833333
0066.jpg 900 1080 0.833333
0067.jpg 900 1080 0.833333
0068.jpg 900 1080 0.833333
0069.jpg 900 1080 0.833333
0070.jpg 900 1080 0.833333
0071.jpg 900 1080 0.833333
