4000.jpg 775 1080 0.717593
4001.jpg 775 1080 0.717593
4002.jpg 775 1080 0.717593
4003.jpg 775 1080 0.717593
4004.jpg 775 1080 0.717593
4005.jpg 775 1080 0.717593
4006.jpg 775 1080 0.717593
4007.jpg 775 1080 0.717593
4008.jpg 775 1080 0.717593
4009.jpg 775 1080 0.717593
4010.jpg 775 1080 0.717593
4011.jpg 775 1080 0.717593
4012.jpg 775 1080 0.717593
4013.jpg 775 1080 0.717593
4014.jpg 775 1080 0.717593
4015.jpg 775 1080 0.717593
4016.jpg 775 1080 0.717593
4017.jpg 775 1080 0.717593
4018.jpg 775 1080 0.717593
4019.jpg 775 1080 0.717593
4020.jpg 775 1080 0.717593
4021.jpg 775 1080 0.717593
4022.jpg 775 1080 0.717593
4023.jpg 775 1080 0.717593
4024.jpg 775 1080 0.717593
4025.jpg 775 1080 0.717593
4026.jpg 775 1080 0.717593
4027.jpg 775 1080 0.717593
4028.jpg 775 1080 0.717593
4029.jpg 775 1080 0.717593
4030.jpg 775 1080 0.717593
4031.jpg 775 1080 0.717593
4032.jpg 775 1080 0.717593
4033.jpg 775 1080 0.717593
4034.jpg 775 1080 0.717593
4035.jpg 775 1080 0.717593
