0000.jpg 1000 1080 0.925926
0001.jpg 1000 1080 0.925926
0002.jpg 1000 1080 0.925926
0003.jpg 1000 1080 0.925926
0004.jpg 1000 1080 0.925926
0005.jpg 1000 1080 0.925926
0006.jpg 1000 1080 0.925926
0007.jpg 1000 1080 0.925926
0008.jpg 1000 1080 0.925926
0009.jpg 1000 1080 0.925926
0010.jpg 1000 1080 0.925926
0011.jpg 1000 1080 0.925926
0012.jpg 1000 1080 0.925926
0013.jpg 1000 1080 0.925926
0014.jpg 1000 1080 0.925926
0015.jpg 1000 1080 0.925926
0016.jpg 1000 1080 0.925926
0017.jpg 1000 1080 0.925926
0018.jpg 1000 1080 0.925926
0019.jpg 1000 1080 0.925926
0020.jpg 1000 1080 0.925926
0021.jpg 1000 1080 0.925926
0022.jpg 1000 1080 0.925926
0023.jpg 1000 1080 0.925926
0024.jpg 1000 1080 0.925926
0025.jpg 1000 1080 0.925926
0026.jpg 1000 1080 0.925926
0027.jpg 1000 1080 0.925926
0028.jpg 1000 1080 0.925926
0029.jpg 1000 1080 0.925926
0030.jpg 1000 1080 0.925926
0031.jpg 1000 1080 0.925926
0032.jpg 1000 1080 0.925926
0033.jpg 1000 1080 0.925926
0034.jpg 1000 1080 0.925926
0035.jpg 1000 1080 0.925926
