4141.jpg 1696 1080 1.57037
4022.jpg 1692 1080 1.56667
4040.jpg 1687 1080 1.56204
4080.jpg 1682 1080 1.55741
4012.jpg 1681 1080 1.55648
4137.jpg 1676 1080 1.55185
4109.jpg 1665 1080 1.54167
4079.jpg 1660 1080 1.53704
4066.jpg 1657 1080 1.53426
4095.jpg 1657 1080 1.53426
4018.jpg 1655 1080 1.53241
4019.jpg 1651 1080 1.5287
4090.jpg 1649 1080 1.52685
4102.jpg 1649 1080 1.52685
4021.jpg 1647 1080 1.525
4062.jpg 1640 1080 1.51852
4113.jpg 1638 1080 1.51667
4119.jpg 1638 1080 1.51667
4065.jpg 1629 1080 1.50833
4016.jpg 1621 1080 1.50093
4138.jpg 1620 1080 1.5
4083.jpg 1616 1080 1.4963
4122.jpg 1611 1080 1.49167
4034.jpg 1610 1080 1.49074
4081.jpg 1609 1080 1.48981
4128.jpg 1608 1080 1.48889
4070.jpg 1605 1080 1.48611
4069.jpg 1602 1080 1.48333
4093.jpg 1602 1080 1.48333
4089.jpg 1601 1080 1.48241
4092.jpg 1598 1080 1.47963
4007.jpg 1588 1080 1.47037
4052.jpg 1574 1080 1.45741
4053.jpg 1571 1080 1.45463
4002.jpg 1569 1080 1.45278
4136.jpg 1563 1080 1.44722
4001.jpg 1561 1080 1.44537
4071.jpg 1557 1080 1.44167
4086.jpg 1556 1080 1.44074
4121.jpg 1552 1080 1.43704
4020.jpg 1550 1080 1.43519
4014.jpg 1529 1080 1.41574
4099.jpg 1529 1080 1.41574
4048.jpg 1521 1080 1.40833
4041.jpg 1519 1080 1.40648
4116.jpg 1516 1080 1.4037
4028.jpg 1514 1080 1.40185
4105.jpg 1513 1080 1.40093
4015.jpg 1509 1080 1.39722
4104.jpg 1508 1080 1.3963
4011.jpg 1507 1080 1.39537
4035.jpg 1506 1080 1.39444
4085.jpg 1504 1080 1.39259
4107.jpg 1504 1080 1.39259
4054.jpg 1499 1080 1.38796
4097.jpg 1490 1080 1.37963
4111.jpg 1487 1080 1.37685
4075.jpg 1483 1080 1.37315
4101.jpg 1483 1080 1.37315
4098.jpg 1482 1080 1.37222
4127.jpg 1482 1080 1.37222
4125.jpg 1481 1080 1.3713
4087.jpg 1479 1080 1.36944
4076.jpg 1478 1080 1.36852
4130.jpg 1477 1080 1.36759
4118.jpg 1475 1080 1.36574
4091.jpg 1472 1080 1.36296
4112.jpg 1463 1080 1.35463
4134.jpg 1463 1080 1.35463
4068.jpg 1462 1080 1.3537
4100.jpg 1455 1080 1.34722
4074.jpg 1454 1080 1.3463
4045.jpg 1449 1080 1.34167
4050.jpg 1446 1080 1.33889
4042.jpg 1438 1080 1.33148
4135.jpg 1435 1080 1.3287
4139.jpg 1435 1080 1.3287
4077.jpg 1431 1080 1.325
4140.jpg 1431 1080 1.325
4108.jpg 1430 1080 1.32407
4067.jpg 1429 1080 1.32315
4049.jpg 1427 1080 1.3213
4142.jpg 1427 1080 1.3213
4044.jpg 1418 1080 1.31296
4036.jpg 1416 1080 1.31111
4024.jpg 1413 1080 1.30833
4060.jpg 1413 1080 1.30833
4094.jpg 1413 1080 1.30833
4110.jpg 1412 1080 1.30741
4017.jpg 1406 1080 1.30185
4096.jpg 1405 1080 1.30093
4009.jpg 1404 1080 1.3
4038.jpg 1401 1080 1.29722
4057.jpg 1398 1080 1.29444
4061.jpg 1394 1080 1.29074
4126.jpg 1393 1080 1.28981
4063.jpg 1391 1080 1.28796
4129.jpg 1390 1080 1.28704
4005.jpg 1386 1080 1.28333
4039.jpg 1386 1080 1.28333
4013.jpg 1385 1080 1.28241
4033.jpg 1385 1080 1.28241
4023.jpg 1376 1080 1.27407
4051.jpg 1374 1080 1.27222
4132.jpg 1372 1080 1.27037
4133.jpg 1371 1080 1.26944
4123.jpg 1364 1080 1.26296
4008.jpg 1356 1080 1.25556
4114.jpg 1355 1080 1.25463
4027.jpg 1353 1080 1.25278
4120.jpg 1352 1080 1.25185
4058.jpg 1351 1080 1.25093
4003.jpg 1349 1080 1.24907
4026.jpg 1348 1080 1.24815
4047.jpg 1344 1080 1.24444
4117.jpg 1344 1080 1.24444
4025.jpg 1343 1080 1.24352
4031.jpg 1343 1080 1.24352
4072.jpg 1343 1080 1.24352
4143.jpg 1343 1080 1.24352
4082.jpg 1342 1080 1.24259
4006.jpg 1341 1080 1.24167
4103.jpg 1338 1080 1.23889
4030.jpg 1337 1080 1.23796
4115.jpg 1337 1080 1.23796
4059.jpg 1336 1080 1.23704
4088.jpg 1333 1080 1.23426
4064.jpg 1330 1080 1.23148
4010.jpg 1327 1080 1.2287
4043.jpg 1326 1080 1.22778
4106.jpg 1325 1080 1.22685
4055.jpg 1322 1080 1.22407
4131.jpg 1318 1080 1.22037
4078.jpg 1315 1080 1.21759
4046.jpg 1311 1080 1.21389
4029.jpg 1308 1080 1.21111
4073.jpg 1308 1080 1.21111
4000.jpg 1307 1080 1.21019
4056.jpg 1307 1080 1.21019
4124.jpg 1307 1080 1.21019
4037.jpg 1305 1080 1.20833
4084.jpg 1302 1080 1.20556
4004.jpg 1301 1080 1.20463
4032.jpg 1300 1080 1.2037
