0036.jpg 858 1080 0.794444
0037.jpg 858 1080 0.794444
0038.jpg 858 1080 0.794444
0039.jpg 858 1080 0.794444
0040.jpg 858 1080 0.794444
0041.jpg 858 1080 0.794444
0042.jpg 858 1080 0.794444
0043.jpg 858 1080 0.794444
0044.jpg 858 1080 0.794444
0045.jpg 858 1080 0.794444
0046.jpg 858 1080 0.794444
0047.jpg 858 1080 0.794444
0048.jpg 858 1080 0.794444
0049.jpg 858 1080 0.794444
0050.jpg 858 1080 0.794444
0051.jpg 858 1080 0.794444
0052.jpg 858 1080 0.794444
0053.jpg 858 1080 0.794444
0054.jpg 858 1080 0.794444
0055.jpg 858 1080 0.794444
0056.jpg 858 1080 0.794444
0057.jpg 858 1080 0.794444
0058.jpg 858 1080 0.794444
0059.jpg 858 1080 0.794444
0060.jpg 858 1080 0.794444
0061.jpg 858 1080 0.794444
0062.jpg 858 1080 0.794444
0063.jpg 858 1080 0.794444
0064.jpg 858 1080 0.794444
0065.jpg 858 1080 0.794444
0066.jpg 858 1080 0.794444
0067.jpg 858 1080 0.794444
0068.jpg 858 1080 0.794444
0069.jpg 858 1080 0.794444
0070.jpg 858 1080 0.794444
0071.jpg 858 1080 0.794444
0000.jpg 741 1080 0.686111
0001.jpg 741 1080 0.686111
0002.jpg 741 1080 0.686111
0003.jpg 741 1080 0.686111
0004.jpg 741 1080 0.686111
0005.jpg 741 1080 0.686111
0006.jpg 741 1080 0.686111
0007.jpg 741 1080 0.686111
0008.jpg 741 1080 0.686111
0009.jpg 741 1080 0.686111
0010.jpg 741 1080 0.686111
0011.jpg 741 1080 0.686111
0012.jpg 741 1080 0.686111
0013.jpg 741 1080 0.686111
0014.jpg 741 1080 0.686111
0015.jpg 741 1080 0.686111
0016.jpg 741 1080 0.686111
0017.jpg 741 1080 0.686111
0018.jpg 741 1080 0.686111
0019.jpg 741 1080 0.686111
0020.jpg 741 1080 0.686111
0021.jpg 741 1080 0.686111
0022.jpg 741 1080 0.686111
0023.jpg 741 1080 0.686111
0024.jpg 741 1080 0.686111
0025.jpg 741 1080 0.686111
0026.jpg 741 1080 0.686111
0027.jpg 741 1080 0.686111
0028.jpg 741 1080 0.686111
0029.jpg 741 1080 0.686111
0030.jpg 741 1080 0.686111
0031.jpg 741 1080 0.686111
0032.jpg 741 1080 0.686111
0033.jpg 741 1080 0.686111
0034.jpg 741 1080 0.686111
0035.jpg 741 1080 0.686111
