4000.jpg 1280 960 1.33333
4001.jpg 1280 960 1.33333
4002.jpg 1280 960 1.33333
4003.jpg 1280 960 1.33333
4004.jpg 1280 960 1.33333
4005.jpg 1280 960 1.33333
4006.jpg 1280 960 1.33333
4007.jpg 1280 960 1.33333
4008.jpg 1280 960 1.33333
4009.jpg 1280 960 1.33333
4010.jpg 1280 960 1.33333
4011.jpg 1280 960 1.33333
4012.jpg 1280 960 1.33333
4013.jpg 1280 960 1.33333
4014.jpg 1280 960 1.33333
4015.jpg 1280 960 1.33333
4016.jpg 1280 960 1.33333
4017.jpg 1280 960 1.33333
4018.jpg 1280 960 1.33333
4019.jpg 1280 960 1.33333
4020.jpg 1280 960 1.33333
4021.jpg 1280 960 1.33333
4022.jpg 1280 960 1.33333
4023.jpg 1280 960 1.33333
4024.jpg 1280 960 1.33333
4025.jpg 1280 960 1.33333
4026.jpg 1280 960 1.33333
4027.jpg 1280 960 1.33333
4028.jpg 1280 960 1.33333
4029.jpg 1280 960 1.33333
4030.jpg 1280 960 1.33333
4031.jpg 1280 960 1.33333
4032.jpg 1280 960 1.33333
4033.jpg 1280 960 1.33333
4034.jpg 1280 960 1.33333
4035.jpg 1280 960 1.33333
4036.jpg 1280 960 1.33333
4037.jpg 1280 960 1.33333
4038.jpg 1280 960 1.33333
4039.jpg 1280 960 1.33333
4040.jpg 1280 960 1.33333
4041.jpg 1280 960 1.33333
4042.jpg 1280 960 1.33333
4043.jpg 1280 960 1.33333
4044.jpg 1280 960 1.33333
4045.jpg 1280 960 1.33333
4046.jpg 1280 960 1.33333
4047.jpg 1280 960 1.33333
4048.jpg 1280 960 1.33333
4049.jpg 1280 960 1.33333
4050.jpg 1280 960 1.33333
4051.jpg 1280 960 1.33333
4052.jpg 1280 960 1.33333
4053.jpg 1280 960 1.33333
4054.jpg 1280 960 1.33333
4055.jpg 1280 960 1.33333
4056.jpg 1280 960 1.33333
4057.jpg 1280 960 1.33333
4058.jpg 1280 960 1.33333
4059.jpg 1280 960 1.33333
4060.jpg 1280 960 1.33333
4061.jpg 1280 960 1.33333
4062.jpg 1280 960 1.33333
4063.jpg 1280 960 1.33333
4064.jpg 1280 960 1.33333
4065.jpg 1280 960 1.33333
4066.jpg 1280 960 1.33333
4067.jpg 1280 960 1.33333
4068.jpg 1280 960 1.33333
4069.jpg 1280 960 1.33333
4070.jpg 1280 960 1.33333
4071.jpg 1280 960 1.33333
4072.jpg 1280 960 1.33333
4073.jpg 1280 960 1.33333
4074.jpg 1280 960 1.33333
4075.jpg 1280 960 1.33333
4076.jpg 1280 960 1.33333
4077.jpg 1280 960 1.33333
4078.jpg 1280 960 1.33333
4079.jpg 1280 960 1.33333
4080.jpg 1280 960 1.33333
4081.jpg 1280 960 1.33333
4082.jpg 1280 960 1.33333
4083.jpg 1280 960 1.33333
4084.jpg 1280 960 1.33333
4085.jpg 1280 960 1.33333
4086.jpg 1280 960 1.33333
4087.jpg 1280 960 1.33333
4088.jpg 1280 960 1.33333
4089.jpg 1280 960 1.33333
4090.jpg 1280 960 1.33333
4091.jpg 1280 960 1.33333
4092.jpg 1280 960 1.33333
4093.jpg 1280 960 1.33333
4094.jpg 1280 960 1.33333
4095.jpg 1280 960 1.33333
4096.jpg 1280 960 1.33333
4097.jpg 1280 960 1.33333
4098.jpg 1280 960 1.33333
4099.jpg 1280 960 1.33333
4100.jpg 1280 960 1.33333
4101.jpg 1280 960 1.33333
4102.jpg 1280 960 1.33333
4103.jpg 1280 960 1.33333
4104.jpg 1280 960 1.33333
4105.jpg 1280 960 1.33333
4106.jpg 1280 960 1.33333
4107.jpg 1280 960 1.33333
4108.jpg 1280 960 1.33333
4109.jpg 1280 960 1.33333
4110.jpg 1280 960 1.33333
4111.jpg 1280 960 1.33333
4112.jpg 1280 960 1.33333
4113.jpg 1280 960 1.33333
4114.jpg 1280 960 1.33333
4115.jpg 1280 960 1.33333
4116.jpg 1280 960 1.33333
4117.jpg 1280 960 1.33333
4118.jpg 1280 960 1.33333
4119.jpg 1280 960 1.33333
4120.jpg 1280 960 1.33333
4121.jpg 1280 960 1.33333
4122.jpg 1280 960 1.33333
4123.jpg 1280 960 1.33333
4124.jpg 1280 960 1.33333
4125.jpg 1280 960 1.33333
4126.jpg 1280 960 1.33333
4127.jpg 1280 960 1.33333
4128.jpg 1280 960 1.33333
4129.jpg 1280 960 1.33333
4130.jpg 1280 960 1.33333
4131.jpg 1280 960 1.33333
4132.jpg 1280 960 1.33333
4133.jpg 1280 960 1.33333
4134.jpg 1280 960 1.33333
4135.jpg 1280 960 1.33333
4136.jpg 1280 960 1.33333
4137.jpg 1280 960 1.33333
4138.jpg 1280 960 1.33333
4139.jpg 1280 960 1.33333
4140.jpg 1280 960 1.33333
4141.jpg 1280 960 1.33333
4142.jpg 1280 960 1.33333
4143.jpg 1280 960 1.33333
4144.jpg 1280 960 1.33333
4145.jpg 1280 960 1.33333
4146.jpg 1280 960 1.33333
4147.jpg 1280 960 1.33333
4148.jpg 1280 960 1.33333
4149.jpg 1280 960 1.33333
4150.jpg 1280 960 1.33333
4151.jpg 1280 960 1.33333
4152.jpg 1280 960 1.33333
4153.jpg 1280 960 1.33333
4154.jpg 1280 960 1.33333
4155.jpg 1280 960 1.33333
4156.jpg 1280 960 1.33333
4157.jpg 1280 960 1.33333
4158.jpg 1280 960 1.33333
4159.jpg 1280 960 1.33333
4160.jpg 1280 960 1.33333
4161.jpg 1280 960 1.33333
4162.jpg 1280 960 1.33333
4163.jpg 1280 960 1.33333
4164.jpg 1280 960 1.33333
4165.jpg 1280 960 1.33333
4166.jpg 1280 960 1.33333
4167.jpg 1280 960 1.33333
4168.jpg 1280 960 1.33333
4169.jpg 1280 960 1.33333
4170.jpg 1280 960 1.33333
4171.jpg 1280 960 1.33333
4172.jpg 1280 960 1.33333
4173.jpg 1280 960 1.33333
4174.jpg 1280 960 1.33333
4175.jpg 1280 960 1.33333
4176.jpg 1280 960 1.33333
4177.jpg 1280 960 1.33333
4178.jpg 1280 960 1.33333
4179.jpg 1280 960 1.33333
4180.jpg 1280 960 1.33333
4181.jpg 1280 960 1.33333
4182.jpg 1280 960 1.33333
4183.jpg 1280 960 1.33333
4184.jpg 1280 960 1.33333
4185.jpg 1280 960 1.33333
4186.jpg 1280 960 1.33333
4187.jpg 1280 960 1.33333
4188.jpg 1280 960 1.33333
4189.jpg 1280 960 1.33333
4190.jpg 1280 960 1.33333
4191.jpg 1280 960 1.33333
4192.jpg 1280 960 1.33333
4193.jpg 1280 960 1.33333
4194.jpg 1280 960 1.33333
4195.jpg 1280 960 1.33333
4196.jpg 1280 960 1.33333
4197.jpg 1280 960 1.33333
4198.jpg 1280 960 1.33333
4199.jpg 1280 960 1.33333
4200.jpg 1280 960 1.33333
4201.jpg 1280 960 1.33333
4202.jpg 1280 960 1.33333
4203.jpg 1280 960 1.33333
4204.jpg 1280 960 1.33333
4205.jpg 1280 960 1.33333
4206.jpg 1280 960 1.33333
4207.jpg 1280 960 1.33333
4208.jpg 1280 960 1.33333
4209.jpg 1280 960 1.33333
4210.jpg 1280 960 1.33333
4211.jpg 1280 960 1.33333
4212.jpg 1280 960 1.33333
4213.jpg 1280 960 1.33333
4214.jpg 1280 960 1.33333
4215.jpg 1280 960 1.33333
4216.jpg 1280 960 1.33333
4217.jpg 1280 960 1.33333
4218.jpg 1280 960 1.33333
4219.jpg 1280 960 1.33333
4220.jpg 1280 960 1.33333
4221.jpg 1280 960 1.33333
4222.jpg 1280 960 1.33333
4223.jpg 1280 960 1.33333
4224.jpg 1280 960 1.33333
4225.jpg 1280 960 1.33333
4226.jpg 1280 960 1.33333
4227.jpg 1280 960 1.33333
4228.jpg 1280 960 1.33333
4229.jpg 1280 960 1.33333
4230.jpg 1280 960 1.33333
4231.jpg 1280 960 1.33333
4232.jpg 1280 960 1.33333
4233.jpg 1280 960 1.33333
4234.jpg 1280 960 1.33333
4235.jpg 1280 960 1.33333
4236.jpg 1280 960 1.33333
4237.jpg 1280 960 1.33333
4238.jpg 1280 960 1.33333
4239.jpg 1280 960 1.33333
4240.jpg 1280 960 1.33333
4241.jpg 1280 960 1.33333
4242.jpg 1280 960 1.33333
4243.jpg 1280 960 1.33333
4244.jpg 1280 960 1.33333
4245.jpg 1280 960 1.33333
4246.jpg 1280 960 1.33333
4247.jpg 1280 960 1.33333
4248.jpg 1280 960 1.33333
4249.jpg 1280 960 1.33333
4250.jpg 1280 960 1.33333
4251.jpg 1280 960 1.33333
4252.jpg 1280 960 1.33333
4253.jpg 1280 960 1.33333
4254.jpg 1280 960 1.33333
4255.jpg 1280 960 1.33333
4256.jpg 1280 960 1.33333
4257.jpg 1280 960 1.33333
4258.jpg 1280 960 1.33333
4259.jpg 1280 960 1.33333
4260.jpg 1280 960 1.33333
4261.jpg 1280 960 1.33333
4262.jpg 1280 960 1.33333
4263.jpg 1280 960 1.33333
4264.jpg 1280 960 1.33333
4265.jpg 1280 960 1.33333
4266.jpg 1280 960 1.33333
4267.jpg 1280 960 1.33333
4268.jpg 1280 960 1.33333
4269.jpg 1280 960 1.33333
4270.jpg 1280 960 1.33333
4271.jpg 1280 960 1.33333
4272.jpg 1280 960 1.33333
4273.jpg 1280 960 1.33333
4274.jpg 1280 960 1.33333
4275.jpg 1280 960 1.33333
4276.jpg 1280 960 1.33333
4277.jpg 1280 960 1.33333
4278.jpg 1280 960 1.33333
4279.jpg 1280 960 1.33333
4280.jpg 1280 960 1.33333
4281.jpg 1280 960 1.33333
4282.jpg 1280 960 1.33333
4283.jpg 1280 960 1.33333
4284.jpg 1280 960 1.33333
4285.jpg 1280 960 1.33333
4286.jpg 1280 960 1.33333
4287.jpg 1280 960 1.33333
4288.jpg 1280 960 1.33333
4289.jpg 1280 960 1.33333
4290.jpg 1280 960 1.33333
4291.jpg 1280 960 1.33333
4292.jpg 1280 960 1.33333
4293.jpg 1280 960 1.33333
4294.jpg 1280 960 1.33333
4295.jpg 1280 960 1.33333
4296.jpg 1280 960 1.33333
4297.jpg 1280 960 1.33333
4298.jpg 1280 960 1.33333
4299.jpg 1280 960 1.33333
4300.jpg 1280 960 1.33333
4301.jpg 1280 960 1.33333
4302.jpg 1280 960 1.33333
4303.jpg 1280 960 1.33333
4304.jpg 1280 960 1.33333
4305.jpg 1280 960 1.33333
4306.jpg 1280 960 1.33333
4307.jpg 1280 960 1.33333
4308.jpg 1280 960 1.33333
4309.jpg 1280 960 1.33333
4310.jpg 1280 960 1.33333
4311.jpg 1280 960 1.33333
4312.jpg 1280 960 1.33333
4313.jpg 1280 960 1.33333
4314.jpg 1280 960 1.33333
4315.jpg 1280 960 1.33333
4316.jpg 1280 960 1.33333
4317.jpg 1280 960 1.33333
4318.jpg 1280 960 1.33333
4319.jpg 1280 960 1.33333
4320.jpg 1280 960 1.33333
4321.jpg 1280 960 1.33333
4322.jpg 1280 960 1.33333
4323.jpg 1280 960 1.33333
4324.jpg 1280 960 1.33333
4325.jpg 1280 960 1.33333
4326.jpg 1280 960 1.33333
4327.jpg 1280 960 1.33333
4328.jpg 1280 960 1.33333
4329.jpg 1280 960 1.33333
4330.jpg 1280 960 1.33333
4331.jpg 1280 960 1.33333
4332.jpg 1280 960 1.33333
4333.jpg 1280 960 1.33333
4334.jpg 1280 960 1.33333
4335.jpg 1280 960 1.33333
4336.jpg 1280 960 1.33333
4337.jpg 1280 960 1.33333
4338.jpg 1280 960 1.33333
4339.jpg 1280 960 1.33333
4340.jpg 1280 960 1.33333
4341.jpg 1280 960 1.33333
4342.jpg 1280 960 1.33333
4343.jpg 1280 960 1.33333
4344.jpg 1280 960 1.33333
4345.jpg 1280 960 1.33333
4346.jpg 1280 960 1.33333
4347.jpg 1280 960 1.33333
4348.jpg 1280 960 1.33333
4349.jpg 1280 960 1.33333
4350.jpg 1280 960 1.33333
4351.jpg 1280 960 1.33333
4352.jpg 1280 960 1.33333
4353.jpg 1280 960 1.33333
4354.jpg 1280 960 1.33333
4355.jpg 1280 960 1.33333
4356.jpg 1280 960 1.33333
4357.jpg 1280 960 1.33333
4358.jpg 1280 960 1.33333
4359.jpg 1280 960 1.33333
4360.jpg 1280 960 1.33333
4361.jpg 1280 960 1.33333
4362.jpg 1280 960 1.33333
4363.jpg 1280 960 1.33333
4364.jpg 1280 960 1.33333
4365.jpg 1280 960 1.33333
4366.jpg 1280 960 1.33333
4367.jpg 1280 960 1.33333
4368.jpg 1280 960 1.33333
4369.jpg 1280 960 1.33333
4370.jpg 1280 960 1.33333
4371.jpg 1280 960 1.33333
4372.jpg 1280 960 1.33333
4373.jpg 1280 960 1.33333
4374.jpg 1280 960 1.33333
4375.jpg 1280 960 1.33333
4376.jpg 1280 960 1.33333
4377.jpg 1280 960 1.33333
4378.jpg 1280 960 1.33333
4379.jpg 1280 960 1.33333
4380.jpg 1280 960 1.33333
4381.jpg 1280 960 1.33333
4382.jpg 1280 960 1.33333
4383.jpg 1280 960 1.33333
4384.jpg 1280 960 1.33333
4385.jpg 1280 960 1.33333
4386.jpg 1280 960 1.33333
4387.jpg 1280 960 1.33333
4388.jpg 1280 960 1.33333
4389.jpg 1280 960 1.33333
4390.jpg 1280 960 1.33333
4391.jpg 1280 960 1.33333
4392.jpg 1280 960 1.33333
4393.jpg 1280 960 1.33333
4394.jpg 1280 960 1.33333
4395.jpg 1280 960 1.33333
4396.jpg 1280 960 1.33333
4397.jpg 1280 960 1.33333
4398.jpg 1280 960 1.33333
4399.jpg 1280 960 1.33333
4400.jpg 1280 960 1.33333
4401.jpg 1280 960 1.33333
4402.jpg 1280 960 1.33333
4403.jpg 1280 960 1.33333
4404.jpg 1280 960 1.33333
4405.jpg 1280 960 1.33333
4406.jpg 1280 960 1.33333
4407.jpg 1280 960 1.33333
4408.jpg 1280 960 1.33333
4409.jpg 1280 960 1.33333
4410.jpg 1280 960 1.33333
4411.jpg 1280 960 1.33333
4412.jpg 1280 960 1.33333
4413.jpg 1280 960 1.33333
4414.jpg 1280 960 1.33333
4415.jpg 1280 960 1.33333
4416.jpg 1280 960 1.33333
4417.jpg 1280 960 1.33333
4418.jpg 1280 960 1.33333
4419.jpg 1280 960 1.33333
4420.jpg 1280 960 1.33333
4421.jpg 1280 960 1.33333
4422.jpg 1280 960 1.33333
4423.jpg 1280 960 1.33333
4424.jpg 1280 960 1.33333
4425.jpg 1280 960 1.33333
4426.jpg 1280 960 1.33333
4427.jpg 1280 960 1.33333
4428.jpg 1280 960 1.33333
4429.jpg 1280 960 1.33333
4430.jpg 1280 960 1.33333
4431.jpg 1280 960 1.33333
