4000.jpg 11520 2160 5.33333
4001.jpg 11520 2160 5.33333
4002.jpg 11520 2160 5.33333
4003.jpg 11520 2160 5.33333
4004.jpg 11520 2160 5.33333
4005.jpg 11520 2160 5.33333
4006.jpg 11520 2160 5.33333
4007.jpg 11520 2160 5.33333
4008.jpg 11520 2160 5.33333
4009.jpg 11520 2160 5.33333
4010.jpg 11520 2160 5.33333
4011.jpg 11520 2160 5.33333
4012.jpg 11520 2160 5.33333
4013.jpg 11520 2160 5.33333
4014.jpg 11520 2160 5.33333
4015.jpg 11520 2160 5.33333
4016.jpg 11520 2160 5.33333
4017.jpg 11520 2160 5.33333
4018.jpg 11520 2160 5.33333
4019.jpg 11520 2160 5.33333
4020.jpg 11520 2160 5.33333
4021.jpg 11520 2160 5.33333
4022.jpg 11520 2160 5.33333
4023.jpg 11520 2160 5.33333
4024.jpg 11520 2160 5.33333
4025.jpg 11520 2160 5.33333
4026.jpg 11520 2160 5.33333
4027.jpg 11520 2160 5.33333
4028.jpg 11520 2160 5.33333
4029.jpg 11520 2160 5.33333
4030.jpg 11520 2160 5.33333
4031.jpg 11520 2160 5.33333
