0000.jpg 2560 1080 2.37037
0001.jpg 2560 1080 2.37037
0002.jpg 2560 1080 2.37037
0003.jpg 2560 1080 2.37037
0004.jpg 2560 1080 2.37037
0005.jpg 2560 1080 2.37037
0006.jpg 2560 1080 2.37037
0007.jpg 2560 1080 2.37037
0008.jpg 2560 1080 2.37037
0009.jpg 2560 1080 2.37037
0010.jpg 2560 1080 2.37037
0011.jpg 2560 1080 2.37037
0012.jpg 2560 1080 2.37037
0013.jpg 2560 1080 2.37037
0014.jpg 2560 1080 2.37037
0015.jpg 2560 1080 2.37037
0016.jpg 2560 1080 2.37037
0017.jpg 2560 1080 2.37037
0018.jpg 2560 1080 2.37037
0019.jpg 2560 1080 2.37037
0020.jpg 2560 1080 2.37037
0021.jpg 2560 1080 2.37037
0022.jpg 2560 1080 2.37037
0023.jpg 2560 1080 2.37037
0024.jpg 2560 1080 2.37037
0025.jpg 2560 1080 2.37037
0026.jpg 2560 1080 2.37037
0027.jpg 2560 1080 2.37037
0028.jpg 2560 1080 2.37037
0029.jpg 2560 1080 2.37037
0030.jpg 2560 1080 2.37037
0031.jpg 2560 1080 2.37037
0032.jpg 2560 1080 2.37037
0033.jpg 2560 1080 2.37037
0034.jpg 2560 1080 2.37037
0035.jpg 2560 1080 2.37037
0036.jpg 2560 1080 2.37037
0037.jpg 2560 1080 2.37037
0038.jpg 2560 1080 2.37037
0039.jpg 2560 1080 2.37037
0040.jpg 2560 1080 2.37037
0041.jpg 2560 1080 2.37037
0042.jpg 2560 1080 2.37037
0043.jpg 2560 1080 2.37037
0044.jpg 2560 1080 2.37037
0045.jpg 2560 1080 2.37037
0046.jpg 2560 1080 2.37037
0047.jpg 2560 1080 2.37037
0048.jpg 2560 1080 2.37037
0049.jpg 2560 1080 2.37037
0050.jpg 2560 1080 2.37037
0051.jpg 2560 1080 2.37037
0052.jpg 2560 1080 2.37037
0053.jpg 2560 1080 2.37037
0054.jpg 2560 1080 2.37037
0055.jpg 2560 1080 2.37037
0056.jpg 2560 1080 2.37037
0057.jpg 2560 1080 2.37037
0058.jpg 2560 1080 2.37037
0059.jpg 2560 1080 2.37037
0060.jpg 2560 1080 2.37037
0061.jpg 2560 1080 2.37037
0062.jpg 2560 1080 2.37037
0063.jpg 2560 1080 2.37037
0064.jpg 2560 1080 2.37037
0065.jpg 2560 1080 2.37037
0066.jpg 2560 1080 2.37037
0067.jpg 2560 1080 2.37037
0068.jpg 2560 1080 2.37037
0069.jpg 2560 1080 2.37037
0070.jpg 2560 1080 2.37037
0071.jpg 2560 1080 2.37037
0072.jpg 2560 1080 2.37037
0073.jpg 2560 1080 2.37037
0074.jpg 2560 1080 2.37037
0075.jpg 2560 1080 2.37037
0076.jpg 2560 1080 2.37037
0077.jpg 2560 1080 2.37037
0078.jpg 2560 1080 2.37037
0079.jpg 2560 1080 2.37037
0080.jpg 2560 1080 2.37037
0081.jpg 2560 1080 2.37037
0082.jpg 2560 1080 2.37037
0083.jpg 2560 1080 2.37037
0084.jpg 2560 1080 2.37037
0085.jpg 2560 1080 2.37037
0086.jpg 2560 1080 2.37037
0087.jpg 2560 1080 2.37037
0088.jpg 2560 1080 2.37037
0089.jpg 2560 1080 2.37037
0090.jpg 2560 1080 2.37037
0091.jpg 2560 1080 2.37037
0092.jpg 2560 1080 2.37037
0093.jpg 2560 1080 2.37037
0094.jpg 2560 1080 2.37037
0095.jpg 2560 1080 2.37037
