0000.jpg 937 1440 0.650694
0001.jpg 937 1440 0.650694
0002.jpg 937 1440 0.650694
0003.jpg 937 1440 0.650694
0004.jpg 937 1440 0.650694
0005.jpg 937 1440 0.650694
0006.jpg 937 1440 0.650694
0007.jpg 937 1440 0.650694
0008.jpg 937 1440 0.650694
0009.jpg 937 1440 0.650694
0010.jpg 937 1440 0.650694
0011.jpg 937 1440 0.650694
0012.jpg 937 1440 0.650694
0013.jpg 937 1440 0.650694
0014.jpg 937 1440 0.650694
0015.jpg 937 1440 0.650694
0016.jpg 937 1440 0.650694
0017.jpg 937 1440 0.650694
0018.jpg 937 1440 0.650694
0019.jpg 937 1440 0.650694
0020.jpg 937 1440 0.650694
0021.jpg 937 1440 0.650694
0022.jpg 937 1440 0.650694
0023.jpg 937 1440 0.650694
0024.jpg 937 1440 0.650694
0025.jpg 937 1440 0.650694
0026.jpg 937 1440 0.650694
0027.jpg 937 1440 0.650694
0028.jpg 937 1440 0.650694
0029.jpg 937 1440 0.650694
0030.jpg 937 1440 0.650694
0031.jpg 937 1440 0.650694
0032.jpg 937 1440 0.650694
0033.jpg 937 1440 0.650694
0034.jpg 937 1440 0.650694
0035.jpg 937 1440 0.650694
0036.jpg 937 1440 0.650694
0037.jpg 937 1440 0.650694
0038.jpg 937 1440 0.650694
0039.jpg 937 1440 0.650694
0040.jpg 937 1440 0.650694
0041.jpg 937 1440 0.650694
0042.jpg 937 1440 0.650694
0043.jpg 937 1440 0.650694
0044.jpg 937 1440 0.650694
