0000.jpg 937 1440 0.650694
0001.jpg 937 1440 0.650694
0002.jpg 937 1440 0.650694
0003.jpg 937 1440 0.650694
0004.jpg 937 1440 0.650694
0005.jpg 937 1440 0.650694
0006.jpg 937 1440 0.650694
0007.jpg 937 1440 0.650694
0008.jpg 937 1440 0.650694
0009.jpg 937 1440 0.650694
0010.jpg 937 1440 0.650694
0011.jpg 937 1440 0.650694
0012.jpg 937 1440 0.650694
0013.jpg 937 1440 0.650694
0014.jpg 937 1440 0.650694
0015.jpg 937 1440 0.650694
0016.jpg 937 1440 0.650694
0017.jpg 937 1440 0.650694
0018.jpg 937 1440 0.650694
0019.jpg 937 1440 0.650694
0020.jpg 937 1440 0.650694
0021.jpg 937 1440 0.650694
0022.jpg 937 1440 0.650694
0023.jpg 937 1440 0.650694
0024.jpg 937 1440 0.650694
0025.jpg 937 1440 0.650694
0026.jpg 937 1440 0.650694
0027.jpg 937 1440 0.650694
0028.jpg 937 1440 0.650694
0029.jpg 937 1440 0.650694
0030.jpg 937 1440 0.650694
0031.jpg 937 1440 0.650694
0032.jpg 937 1440 0.650694
0033.jpg 937 1440 0.650694
0034.jpg 937 1440 0.650694
0035.jpg 937 1440 0.650694
0036.jpg 937 1440 0.650694
0037.jpg 937 1440 0.650694
0038.jpg 937 1440 0.650694
0039.jpg 937 1440 0.650694
0040.jpg 937 1440 0.650694
0041.jpg 937 1440 0.650694
0042.jpg 937 1440 0.650694
0043.jpg 937 1440 0.650694
0044.jpg 937 1440 0.650694
0045.jpg 937 1440 0.650694
0046.jpg 937 1440 0.650694
0047.jpg 937 1440 0.650694
0048.jpg 937 1440 0.650694
0049.jpg 937 1440 0.650694
0050.jpg 937 1440 0.650694
0051.jpg 937 1440 0.650694
0052.jpg 937 1440 0.650694
0053.jpg 937 1440 0.650694
0054.jpg 937 1440 0.650694
0055.jpg 937 1440 0.650694
0056.jpg 937 1440 0.650694
0057.jpg 937 1440 0.650694
0058.jpg 937 1440 0.650694
0059.jpg 937 1440 0.650694
0060.jpg 937 1440 0.650694
0061.jpg 937 1440 0.650694
0062.jpg 937 1440 0.650694
0063.jpg 937 1440 0.650694
0064.jpg 937 1440 0.650694
0065.jpg 937 1440 0.650694
0066.jpg 937 1440 0.650694
0067.jpg 937 1440 0.650694
0068.jpg 937 1440 0.650694
0069.jpg 937 1440 0.650694
0070.jpg 937 1440 0.650694
0071.jpg 937 1440 0.650694
0072.jpg 937 1440 0.650694
0073.jpg 937 1440 0.650694
0074.jpg 937 1440 0.650694
0075.jpg 937 1440 0.650694
0076.jpg 937 1440 0.650694
0077.jpg 937 1440 0.650694
0078.jpg 937 1440 0.650694
0079.jpg 937 1440 0.650694
0080.jpg 937 1440 0.650694
0081.jpg 937 1440 0.650694
0082.jpg 937 1440 0.650694
0083.jpg 937 1440 0.650694
0084.jpg 937 1440 0.650694
0085.jpg 937 1440 0.650694
0086.jpg 937 1440 0.650694
0087.jpg 937 1440 0.650694
0088.jpg 937 1440 0.650694
0089.jpg 937 1440 0.650694
0090.jpg 937 1440 0.650694
0091.jpg 937 1440 0.650694
0092.jpg 937 1440 0.650694
0093.jpg 937 1440 0.650694
0094.jpg 937 1440 0.650694
0095.jpg 937 1440 0.650694
0096.jpg 937 1440 0.650694
0097.jpg 937 1440 0.650694
0098.jpg 937 1440 0.650694
0099.jpg 937 1440 0.650694
0100.jpg 937 1440 0.650694
0101.jpg 937 1440 0.650694
0102.jpg 937 1440 0.650694
0103.jpg 937 1440 0.650694
0104.jpg 937 1440 0.650694
0105.jpg 937 1440 0.650694
0106.jpg 937 1440 0.650694
0107.jpg 937 1440 0.650694
0108.jpg 937 1440 0.650694
0109.jpg 937 1440 0.650694
0110.jpg 937 1440 0.650694
0111.jpg 937 1440 0.650694
0112.jpg 937 1440 0.650694
0113.jpg 937 1440 0.650694
0114.jpg 937 1440 0.650694
0115.jpg 937 1440 0.650694
0116.jpg 937 1440 0.650694
0117.jpg 937 1440 0.650694
0118.jpg 937 1440 0.650694
0119.jpg 937 1440 0.650694
0120.jpg 937 1440 0.650694
0121.jpg 937 1440 0.650694
0122.jpg 937 1440 0.650694
0123.jpg 937 1440 0.650694
0124.jpg 937 1440 0.650694
0125.jpg 937 1440 0.650694
0126.jpg 937 1440 0.650694
0127.jpg 937 1440 0.650694
0128.jpg 937 1440 0.650694
0129.jpg 937 1440 0.650694
0130.jpg 937 1440 0.650694
0131.jpg 937 1440 0.650694
0132.jpg 937 1440 0.650694
0133.jpg 937 1440 0.650694
