0000.jpg 710 1080 0.657407
0001.jpg 710 1080 0.657407
0002.jpg 710 1080 0.657407
0003.jpg 710 1080 0.657407
0004.jpg 710 1080 0.657407
0005.jpg 710 1080 0.657407
0006.jpg 710 1080 0.657407
0007.jpg 710 1080 0.657407
0008.jpg 710 1080 0.657407
0009.jpg 710 1080 0.657407
0010.jpg 710 1080 0.657407
0011.jpg 710 1080 0.657407
0012.jpg 710 1080 0.657407
0013.jpg 710 1080 0.657407
0014.jpg 710 1080 0.657407
0015.jpg 710 1080 0.657407
0016.jpg 710 1080 0.657407
0017.jpg 710 1080 0.657407
0018.jpg 710 1080 0.657407
0019.jpg 710 1080 0.657407
0020.jpg 710 1080 0.657407
0021.jpg 710 1080 0.657407
0022.jpg 710 1080 0.657407
0023.jpg 710 1080 0.657407
0024.jpg 710 1080 0.657407
0025.jpg 710 1080 0.657407
0026.jpg 710 1080 0.657407
0027.jpg 710 1080 0.657407
0028.jpg 710 1080 0.657407
0029.jpg 710 1080 0.657407
0030.jpg 710 1080 0.657407
0031.jpg 710 1080 0.657407
0032.jpg 710 1080 0.657407
0033.jpg 710 1080 0.657407
0034.jpg 710 1080 0.657407
0035.jpg 710 1080 0.657407
0036.jpg 710 1080 0.657407
0037.jpg 710 1080 0.657407
0038.jpg 710 1080 0.657407
0039.jpg 710 1080 0.657407
0040.jpg 710 1080 0.657407
0041.jpg 710 1080 0.657407
0042.jpg 710 1080 0.657407
0043.jpg 710 1080 0.657407
0044.jpg 710 1080 0.657407
0045.jpg 710 1080 0.657407
0046.jpg 710 1080 0.657407
0047.jpg 710 1080 0.657407
0048.jpg 710 1080 0.657407
0049.jpg 710 1080 0.657407
0050.jpg 710 1080 0.657407
0051.jpg 710 1080 0.657407
0052.jpg 710 1080 0.657407
0053.jpg 710 1080 0.657407
0054.jpg 710 1080 0.657407
0055.jpg 710 1080 0.657407
0056.jpg 710 1080 0.657407
0057.jpg 710 1080 0.657407
0058.jpg 710 1080 0.657407
0059.jpg 710 1080 0.657407
0060.jpg 710 1080 0.657407
0061.jpg 710 1080 0.657407
0062.jpg 710 1080 0.657407
0063.jpg 710 1080 0.657407
0064.jpg 710 1080 0.657407
0065.jpg 710 1080 0.657407
0066.jpg 710 1080 0.657407
0067.jpg 710 1080 0.657407
0068.jpg 710 1080 0.657407
0069.jpg 710 1080 0.657407
0070.jpg 710 1080 0.657407
0071.jpg 710 1080 0.657407
