0000.jpg 1600 1080 1.48148
0001.jpg 1600 1080 1.48148
0002.jpg 1600 1080 1.48148
0003.jpg 1600 1080 1.48148
0004.jpg 1600 1080 1.48148
0005.jpg 1600 1080 1.48148
0006.jpg 1600 1080 1.48148
0007.jpg 1600 1080 1.48148
0008.jpg 1600 1080 1.48148
0009.jpg 1600 1080 1.48148
0010.jpg 1600 1080 1.48148
0011.jpg 1600 1080 1.48148
0012.jpg 1600 1080 1.48148
0013.jpg 1600 1080 1.48148
0014.jpg 1600 1080 1.48148
0015.jpg 1600 1080 1.48148
0016.jpg 1600 1080 1.48148
0017.jpg 1600 1080 1.48148
0018.jpg 1600 1080 1.48148
0019.jpg 1600 1080 1.48148
0020.jpg 1600 1080 1.48148
0021.jpg 1600 1080 1.48148
0022.jpg 1600 1080 1.48148
0023.jpg 1600 1080 1.48148
0024.jpg 1600 1080 1.48148
0025.jpg 1600 1080 1.48148
0026.jpg 1600 1080 1.48148
0027.jpg 1600 1080 1.48148
0028.jpg 1600 1080 1.48148
0029.jpg 1600 1080 1.48148
0030.jpg 1600 1080 1.48148
0031.jpg 1600 1080 1.48148
0032.jpg 1600 1080 1.48148
0033.jpg 1600 1080 1.48148
0034.jpg 1600 1080 1.48148
0035.jpg 1600 1080 1.48148
