4000.jpg 1920 1080 1.77778
4001.jpg 1920 1080 1.77778
4002.jpg 1920 1080 1.77778
4003.jpg 1920 1080 1.77778
4004.jpg 1920 1080 1.77778
4005.jpg 1920 1080 1.77778
4006.jpg 1920 1080 1.77778
4007.jpg 1920 1080 1.77778
4008.jpg 1920 1080 1.77778
4009.jpg 1920 1080 1.77778
4010.jpg 1920 1080 1.77778
4011.jpg 1920 1080 1.77778
4012.jpg 1920 1080 1.77778
4013.jpg 1920 1080 1.77778
4014.jpg 1920 1080 1.77778
4015.jpg 1920 1080 1.77778
4016.jpg 1920 1080 1.77778
4017.jpg 1920 1080 1.77778
4018.jpg 1920 1080 1.77778
4019.jpg 1920 1080 1.77778
4020.jpg 1920 1080 1.77778
4021.jpg 1920 1080 1.77778
4022.jpg 1920 1080 1.77778
4023.jpg 1920 1080 1.77778
4024.jpg 1920 1080 1.77778
4025.jpg 1920 1080 1.77778
4026.jpg 1920 1080 1.77778
4027.jpg 1920 1080 1.77778
4028.jpg 1920 1080 1.77778
4029.jpg 1920 1080 1.77778
4030.jpg 1920 1080 1.77778
4031.jpg 1920 1080 1.77778
4032.jpg 1920 1080 1.77778
4033.jpg 1920 1080 1.77778
4034.jpg 1920 1080 1.77778
4035.jpg 1920 1080 1.77778
4036.jpg 1920 1080 1.77778
4037.jpg 1920 1080 1.77778
4038.jpg 1920 1080 1.77778
4039.jpg 1920 1080 1.77778
4040.jpg 1920 1080 1.77778
4041.jpg 1920 1080 1.77778
4042.jpg 1920 1080 1.77778
4043.jpg 1920 1080 1.77778
4044.jpg 1920 1080 1.77778
4045.jpg 1920 1080 1.77778
4046.jpg 1920 1080 1.77778
4047.jpg 1920 1080 1.77778
4048.jpg 1920 1080 1.77778
4049.jpg 1920 1080 1.77778
4050.jpg 1920 1080 1.77778
4051.jpg 1920 1080 1.77778
4052.jpg 1920 1080 1.77778
4053.jpg 1920 1080 1.77778
4054.jpg 1920 1080 1.77778
4055.jpg 1920 1080 1.77778
4056.jpg 1920 1080 1.77778
4057.jpg 1920 1080 1.77778
4058.jpg 1920 1080 1.77778
4059.jpg 1920 1080 1.77778
4060.jpg 1920 1080 1.77778
4061.jpg 1920 1080 1.77778
4062.jpg 1920 1080 1.77778
4063.jpg 1920 1080 1.77778
4064.jpg 1920 1080 1.77778
4065.jpg 1920 1080 1.77778
4066.jpg 1920 1080 1.77778
4067.jpg 1920 1080 1.77778
4068.jpg 1920 1080 1.77778
4069.jpg 1920 1080 1.77778
4070.jpg 1920 1080 1.77778
4071.jpg 1920 1080 1.77778
4072.jpg 1920 1080 1.77778
4073.jpg 1920 1080 1.77778
4074.jpg 1920 1080 1.77778
4075.jpg 1920 1080 1.77778
4076.jpg 1920 1080 1.77778
4077.jpg 1920 1080 1.77778
4078.jpg 1920 1080 1.77778
4079.jpg 1920 1080 1.77778
4080.jpg 1920 1080 1.77778
4081.jpg 1920 1080 1.77778
4082.jpg 1920 1080 1.77778
4083.jpg 1920 1080 1.77778
4084.jpg 1920 1080 1.77778
4085.jpg 1920 1080 1.77778
4086.jpg 1920 1080 1.77778
4087.jpg 1920 1080 1.77778
4088.jpg 1920 1080 1.77778
4089.jpg 1920 1080 1.77778
4090.jpg 1920 1080 1.77778
4091.jpg 1920 1080 1.77778
4092.jpg 1920 1080 1.77778
4093.jpg 1920 1080 1.77778
4094.jpg 1920 1080 1.77778
4095.jpg 1920 1080 1.77778
4096.jpg 1920 1080 1.77778
4097.jpg 1920 1080 1.77778
4098.jpg 1920 1080 1.77778
4099.jpg 1920 1080 1.77778
4100.jpg 1920 1080 1.77778
4101.jpg 1920 1080 1.77778
4102.jpg 1920 1080 1.77778
4103.jpg 1920 1080 1.77778
4104.jpg 1920 1080 1.77778
4105.jpg 1920 1080 1.77778
4106.jpg 1920 1080 1.77778
4107.jpg 1920 1080 1.77778
4108.jpg 1920 1080 1.77778
4109.jpg 1920 1080 1.77778
4110.jpg 1920 1080 1.77778
4111.jpg 1920 1080 1.77778
4112.jpg 1920 1080 1.77778
4113.jpg 1920 1080 1.77778
4114.jpg 1920 1080 1.77778
4115.jpg 1920 1080 1.77778
4116.jpg 1920 1080 1.77778
4117.jpg 1920 1080 1.77778
4118.jpg 1920 1080 1.77778
4119.jpg 1920 1080 1.77778
4120.jpg 1920 1080 1.77778
4121.jpg 1920 1080 1.77778
4122.jpg 1920 1080 1.77778
4123.jpg 1920 1080 1.77778
4124.jpg 1920 1080 1.77778
4125.jpg 1920 1080 1.77778
4126.jpg 1920 1080 1.77778
4127.jpg 1920 1080 1.77778
4128.jpg 1920 1080 1.77778
4129.jpg 1920 1080 1.77778
4130.jpg 1920 1080 1.77778
4131.jpg 1920 1080 1.77778
4132.jpg 1920 1080 1.77778
4133.jpg 1920 1080 1.77778
4134.jpg 1920 1080 1.77778
4135.jpg 1920 1080 1.77778
4136.jpg 1920 1080 1.77778
4137.jpg 1920 1080 1.77778
4138.jpg 1920 1080 1.77778
4139.jpg 1920 1080 1.77778
4140.jpg 1920 1080 1.77778
4141.jpg 1920 1080 1.77778
4142.jpg 1920 1080 1.77778
4143.jpg 1920 1080 1.77778
4144.jpg 1920 1080 1.77778
