4000.jpg 432 1080 0.4
4001.jpg 432 1080 0.4
4002.jpg 432 1080 0.4
4003.jpg 432 1080 0.4
4004.jpg 432 1080 0.4
4005.jpg 432 1080 0.4
4006.jpg 432 1080 0.4
4007.jpg 432 1080 0.4
4008.jpg 432 1080 0.4
4009.jpg 432 1080 0.4
4010.jpg 432 1080 0.4
4011.jpg 432 1080 0.4
4012.jpg 432 1080 0.4
4013.jpg 432 1080 0.4
4014.jpg 432 1080 0.4
4015.jpg 432 1080 0.4
4016.jpg 432 1080 0.4
4017.jpg 432 1080 0.4
4018.jpg 432 1080 0.4
4019.jpg 432 1080 0.4
4020.jpg 432 1080 0.4
4021.jpg 432 1080 0.4
4022.jpg 432 1080 0.4
4023.jpg 432 1080 0.4
4024.jpg 432 1080 0.4
4025.jpg 432 1080 0.4
4026.jpg 432 1080 0.4
4027.jpg 432 1080 0.4
4028.jpg 432 1080 0.4
4029.jpg 432 1080 0.4
4030.jpg 432 1080 0.4
4031.jpg 432 1080 0.4
4032.jpg 432 1080 0.4
4033.jpg 432 1080 0.4
4034.jpg 432 1080 0.4
4035.jpg 432 1080 0.4
4036.jpg 432 1080 0.4
4037.jpg 432 1080 0.4
4038.jpg 432 1080 0.4
4039.jpg 432 1080 0.4
4040.jpg 432 1080 0.4
4041.jpg 432 1080 0.4
4042.jpg 432 1080 0.4
4043.jpg 432 1080 0.4
4044.jpg 432 1080 0.4
4045.jpg 432 1080 0.4
4046.jpg 432 1080 0.4
4047.jpg 432 1080 0.4
4048.jpg 432 1080 0.4
4049.jpg 432 1080 0.4
4050.jpg 432 1080 0.4
4051.jpg 432 1080 0.4
4052.jpg 432 1080 0.4
4053.jpg 432 1080 0.4
4054.jpg 432 1080 0.4
4055.jpg 432 1080 0.4
4056.jpg 432 1080 0.4
4057.jpg 432 1080 0.4
4058.jpg 432 1080 0.4
4059.jpg 432 1080 0.4
4060.jpg 432 1080 0.4
4061.jpg 432 1080 0.4
4062.jpg 432 1080 0.4
4063.jpg 432 1080 0.4
4064.jpg 432 1080 0.4
4065.jpg 432 1080 0.4
4066.jpg 432 1080 0.4
4067.jpg 432 1080 0.4
4068.jpg 432 1080 0.4
4069.jpg 432 1080 0.4
4070.jpg 432 1080 0.4
4071.jpg 432 1080 0.4
4072.jpg 432 1080 0.4
4073.jpg 432 1080 0.4
4074.jpg 432 1080 0.4
4075.jpg 432 1080 0.4
4076.jpg 432 1080 0.4
4077.jpg 432 1080 0.4
4078.jpg 432 1080 0.4
4079.jpg 432 1080 0.4
4080.jpg 432 1080 0.4
4081.jpg 432 1080 0.4
4082.jpg 432 1080 0.4
4083.jpg 432 1080 0.4
4084.jpg 432 1080 0.4
4085.jpg 432 1080 0.4
4086.jpg 432 1080 0.4
4087.jpg 432 1080 0.4
4088.jpg 432 1080 0.4
4089.jpg 432 1080 0.4
4090.jpg 432 1080 0.4
4091.jpg 432 1080 0.4
4092.jpg 432 1080 0.4
4093.jpg 432 1080 0.4
4094.jpg 432 1080 0.4
4095.jpg 432 1080 0.4
4096.jpg 432 1080 0.4
4097.jpg 432 1080 0.4
4098.jpg 432 1080 0.4
4099.jpg 432 1080 0.4
4100.jpg 432 1080 0.4
4101.jpg 432 1080 0.4
4102.jpg 432 1080 0.4
4103.jpg 432 1080 0.4
4104.jpg 432 1080 0.4
4105.jpg 432 1080 0.4
4106.jpg 432 1080 0.4
4107.jpg 432 1080 0.4
4108.jpg 432 1080 0.4
4109.jpg 432 1080 0.4
4110.jpg 432 1080 0.4
4111.jpg 432 1080 0.4
4112.jpg 432 1080 0.4
4113.jpg 432 1080 0.4
4114.jpg 432 1080 0.4
4115.jpg 432 1080 0.4
4116.jpg 432 1080 0.4
4117.jpg 432 1080 0.4
4118.jpg 432 1080 0.4
4119.jpg 432 1080 0.4
4120.jpg 432 1080 0.4
4121.jpg 432 1080 0.4
4122.jpg 432 1080 0.4
4123.jpg 432 1080 0.4
4124.jpg 432 1080 0.4
4125.jpg 432 1080 0.4
4126.jpg 432 1080 0.4
4127.jpg 432 1080 0.4
4128.jpg 432 1080 0.4
4129.jpg 432 1080 0.4
4130.jpg 432 1080 0.4
4131.jpg 432 1080 0.4
4132.jpg 432 1080 0.4
4133.jpg 432 1080 0.4
4134.jpg 432 1080 0.4
4135.jpg 432 1080 0.4
4136.jpg 432 1080 0.4
4137.jpg 432 1080 0.4
4138.jpg 432 1080 0.4
4139.jpg 432 1080 0.4
4140.jpg 432 1080 0.4
4141.jpg 432 1080 0.4
4142.jpg 432 1080 0.4
4143.jpg 432 1080 0.4
