4000.jpg 10368 1080 9.6
4001.jpg 10368 1080 9.6
4002.jpg 10368 1080 9.6
4003.jpg 10368 1080 9.6
4004.jpg 10368 1080 9.6
4005.jpg 10368 1080 9.6
4006.jpg 10368 1080 9.6
4007.jpg 10368 1080 9.6
4008.jpg 10368 1080 9.6
4009.jpg 10368 1080 9.6
4010.jpg 10368 1080 9.6
4011.jpg 10368 1080 9.6
4012.jpg 10368 1080 9.6
4013.jpg 10368 1080 9.6
4014.jpg 10368 1080 9.6
4015.jpg 10368 1080 9.6
4016.jpg 10368 1080 9.6
4017.jpg 10368 1080 9.6
4018.jpg 10368 1080 9.6
4019.jpg 10368 1080 9.6
4020.jpg 10368 1080 9.6
4021.jpg 10368 1080 9.6
4022.jpg 10368 1080 9.6
4023.jpg 10368 1080 9.6
