0000.jpg 1920 1080 1.77778
0001.jpg 1920 1080 1.77778
0002.jpg 1920 1080 1.77778
0003.jpg 1920 1080 1.77778
0004.jpg 1920 1080 1.77778
0005.jpg 1920 1080 1.77778
0006.jpg 1920 1080 1.77778
0007.jpg 1920 1080 1.77778
0008.jpg 1920 1080 1.77778
0009.jpg 1920 1080 1.77778
0010.jpg 1920 1080 1.77778
0011.jpg 1920 1080 1.77778
0012.jpg 1920 1080 1.77778
0013.jpg 1920 1080 1.77778
0014.jpg 1920 1080 1.77778
0015.jpg 1920 1080 1.77778
0016.jpg 1920 1080 1.77778
0017.jpg 1920 1080 1.77778
0018.jpg 1920 1080 1.77778
0019.jpg 1920 1080 1.77778
0020.jpg 1920 1080 1.77778
0021.jpg 1920 1080 1.77778
0022.jpg 1920 1080 1.77778
0023.jpg 1920 1080 1.77778
0024.jpg 1920 1080 1.77778
0025.jpg 1920 1080 1.77778
0026.jpg 1920 1080 1.77778
0027.jpg 1920 1080 1.77778
0028.jpg 1920 1080 1.77778
0029.jpg 1920 1080 1.77778
0030.jpg 1920 1080 1.77778
0031.jpg 1920 1080 1.77778
0032.jpg 1920 1080 1.77778
0033.jpg 1920 1080 1.77778
0034.jpg 1920 1080 1.77778
0035.jpg 1920 1080 1.77778
