0000.jpg 949 1440 0.659028
0001.jpg 949 1440 0.659028
0002.jpg 949 1440 0.659028
0003.jpg 949 1440 0.659028
0004.jpg 949 1440 0.659028
0005.jpg 949 1440 0.659028
0006.jpg 949 1440 0.659028
0007.jpg 949 1440 0.659028
0008.jpg 949 1440 0.659028
0009.jpg 949 1440 0.659028
0010.jpg 949 1440 0.659028
0011.jpg 949 1440 0.659028
0012.jpg 949 1440 0.659028
0013.jpg 949 1440 0.659028
0014.jpg 949 1440 0.659028
0015.jpg 949 1440 0.659028
0016.jpg 949 1440 0.659028
0017.jpg 949 1440 0.659028
0018.jpg 949 1440 0.659028
0019.jpg 949 1440 0.659028
0020.jpg 949 1440 0.659028
0021.jpg 949 1440 0.659028
0022.jpg 949 1440 0.659028
0023.jpg 949 1440 0.659028
0024.jpg 949 1440 0.659028
0025.jpg 949 1440 0.659028
0026.jpg 949 1440 0.659028
0027.jpg 949 1440 0.659028
0028.jpg 949 1440 0.659028
0029.jpg 949 1440 0.659028
0030.jpg 949 1440 0.659028
0031.jpg 949 1440 0.659028
0032.jpg 949 1440 0.659028
0033.jpg 949 1440 0.659028
0034.jpg 949 1440 0.659028
0035.jpg 949 1440 0.659028
0036.jpg 949 1440 0.659028
0037.jpg 949 1440 0.659028
0038.jpg 949 1440 0.659028
0039.jpg 949 1440 0.659028
0040.jpg 949 1440 0.659028
0041.jpg 949 1440 0.659028
0042.jpg 949 1440 0.659028
0043.jpg 949 1440 0.659028
0044.jpg 949 1440 0.659028
0045.jpg 949 1440 0.659028
0046.jpg 949 1440 0.659028
0047.jpg 949 1440 0.659028
0048.jpg 949 1440 0.659028
0049.jpg 949 1440 0.659028
0050.jpg 949 1440 0.659028
0051.jpg 949 1440 0.659028
0052.jpg 949 1440 0.659028
0053.jpg 949 1440 0.659028
0054.jpg 949 1440 0.659028
0055.jpg 949 1440 0.659028
0056.jpg 949 1440 0.659028
0057.jpg 949 1440 0.659028
0058.jpg 949 1440 0.659028
0059.jpg 949 1440 0.659028
0060.jpg 949 1440 0.659028
0061.jpg 949 1440 0.659028
0062.jpg 949 1440 0.659028
0063.jpg 949 1440 0.659028
0064.jpg 949 1440 0.659028
0065.jpg 949 1440 0.659028
0066.jpg 949 1440 0.659028
0067.jpg 949 1440 0.659028
0068.jpg 949 1440 0.659028
0069.jpg 949 1440 0.659028
0070.jpg 949 1440 0.659028
0071.jpg 949 1440 0.659028
0072.jpg 949 1440 0.659028
0073.jpg 949 1440 0.659028
0074.jpg 949 1440 0.659028
0075.jpg 949 1440 0.659028
0076.jpg 949 1440 0.659028
0077.jpg 949 1440 0.659028
0078.jpg 949 1440 0.659028
0079.jpg 949 1440 0.659028
0080.jpg 949 1440 0.659028
0081.jpg 949 1440 0.659028
0082.jpg 949 1440 0.659028
0083.jpg 949 1440 0.659028
0084.jpg 949 1440 0.659028
0085.jpg 949 1440 0.659028
0086.jpg 949 1440 0.659028
0087.jpg 949 1440 0.659028
0088.jpg 949 1440 0.659028
0089.jpg 949 1440 0.659028
0090.jpg 949 1440 0.659028
0091.jpg 949 1440 0.659028
0092.jpg 949 1440 0.659028
0093.jpg 949 1440 0.659028
0094.jpg 949 1440 0.659028
0095.jpg 949 1440 0.659028
0096.jpg 949 1440 0.659028
0097.jpg 949 1440 0.659028
0098.jpg 949 1440 0.659028
0099.jpg 949 1440 0.659028
0100.jpg 949 1440 0.659028
0101.jpg 949 1440 0.659028
0102.jpg 949 1440 0.659028
0103.jpg 949 1440 0.659028
0104.jpg 949 1440 0.659028
0105.jpg 949 1440 0.659028
0106.jpg 949 1440 0.659028
0107.jpg 949 1440 0.659028
0108.jpg 949 1440 0.659028
0109.jpg 949 1440 0.659028
0110.jpg 949 1440 0.659028
0111.jpg 949 1440 0.659028
0112.jpg 949 1440 0.659028
0113.jpg 949 1440 0.659028
0114.jpg 949 1440 0.659028
0115.jpg 949 1440 0.659028
0116.jpg 949 1440 0.659028
0117.jpg 949 1440 0.659028
0118.jpg 949 1440 0.659028
0119.jpg 949 1440 0.659028
0120.jpg 949 1440 0.659028
0121.jpg 949 1440 0.659028
0122.jpg 949 1440 0.659028
0123.jpg 949 1440 0.659028
0124.jpg 949 1440 0.659028
0125.jpg 949 1440 0.659028
0126.jpg 949 1440 0.659028
0127.jpg 949 1440 0.659028
0128.jpg 949 1440 0.659028
0129.jpg 949 1440 0.659028
0130.jpg 949 1440 0.659028
0131.jpg 949 1440 0.659028
0132.jpg 949 1440 0.659028
0133.jpg 949 1440 0.659028
0134.jpg 949 1440 0.659028
0135.jpg 949 1440 0.659028
0136.jpg 949 1440 0.659028
0137.jpg 949 1440 0.659028
0138.jpg 949 1440 0.659028
0139.jpg 949 1440 0.659028
0140.jpg 949 1440 0.659028
0141.jpg 949 1440 0.659028
0142.jpg 949 1440 0.659028
0143.jpg 949 1440 0.659028
0144.jpg 949 1440 0.659028
0145.jpg 949 1440 0.659028
0146.jpg 949 1440 0.659028
0147.jpg 949 1440 0.659028
0148.jpg 949 1440 0.659028
0149.jpg 949 1440 0.659028
0150.jpg 949 1440 0.659028
0151.jpg 949 1440 0.659028
0152.jpg 949 1440 0.659028
0153.jpg 949 1440 0.659028
0154.jpg 949 1440 0.659028
0155.jpg 949 1440 0.659028
0156.jpg 949 1440 0.659028
0157.jpg 949 1440 0.659028
0158.jpg 949 1440 0.659028
0159.jpg 949 1440 0.659028
0160.jpg 949 1440 0.659028
0161.jpg 949 1440 0.659028
0162.jpg 949 1440 0.659028
0163.jpg 949 1440 0.659028
0164.jpg 949 1440 0.659028
0165.jpg 949 1440 0.659028
0166.jpg 949 1440 0.659028
0167.jpg 949 1440 0.659028
0168.jpg 949 1440 0.659028
0169.jpg 949 1440 0.659028
0170.jpg 949 1440 0.659028
0171.jpg 949 1440 0.659028
0172.jpg 949 1440 0.659028
0173.jpg 949 1440 0.659028
0174.jpg 949 1440 0.659028
0175.jpg 949 1440 0.659028
0176.jpg 949 1440 0.659028
0177.jpg 949 1440 0.659028
0178.jpg 949 1440 0.659028
0179.jpg 949 1440 0.659028
0180.jpg 949 1440 0.659028
0181.jpg 949 1440 0.659028
0182.jpg 949 1440 0.659028
0183.jpg 949 1440 0.659028
0184.jpg 949 1440 0.659028
0185.jpg 949 1440 0.659028
0186.jpg 949 1440 0.659028
0187.jpg 949 1440 0.659028
0188.jpg 949 1440 0.659028
