0000.jpg 1920 1080 1.77778
0001.jpg 1920 1080 1.77778
0002.jpg 1920 1080 1.77778
0003.jpg 1920 1080 1.77778
0004.jpg 1920 1080 1.77778
0005.jpg 1920 1080 1.77778
0006.jpg 1920 1080 1.77778
0007.jpg 1920 1080 1.77778
0008.jpg 1920 1080 1.77778
0009.jpg 1920 1080 1.77778
0010.jpg 1920 1080 1.77778
0011.jpg 1920 1080 1.77778
0012.jpg 1920 1080 1.77778
0013.jpg 1920 1080 1.77778
0014.jpg 1920 1080 1.77778
0015.jpg 1920 1080 1.77778
0016.jpg 1920 1080 1.77778
0017.jpg 1920 1080 1.77778
0018.jpg 1920 1080 1.77778
0019.jpg 1920 1080 1.77778
0020.jpg 1920 1080 1.77778
0021.jpg 1920 1080 1.77778
0022.jpg 1920 1080 1.77778
0023.jpg 1920 1080 1.77778
0024.jpg 1920 1080 1.77778
0025.jpg 1920 1080 1.77778
0026.jpg 1920 1080 1.77778
0027.jpg 1920 1080 1.77778
0028.jpg 1920 1080 1.77778
0029.jpg 1920 1080 1.77778
0030.jpg 1920 1080 1.77778
0031.jpg 1920 1080 1.77778
0032.jpg 1920 1080 1.77778
0033.jpg 1920 1080 1.77778
0034.jpg 1920 1080 1.77778
0035.jpg 1920 1080 1.77778
0036.jpg 1920 1080 1.77778
0037.jpg 1920 1080 1.77778
0038.jpg 1920 1080 1.77778
0039.jpg 1920 1080 1.77778
0040.jpg 1920 1080 1.77778
0041.jpg 1920 1080 1.77778
0042.jpg 1920 1080 1.77778
0043.jpg 1920 1080 1.77778
0044.jpg 1920 1080 1.77778
0045.jpg 1920 1080 1.77778
0046.jpg 1920 1080 1.77778
0047.jpg 1920 1080 1.77778
0048.jpg 1920 1080 1.77778
0049.jpg 1920 1080 1.77778
0050.jpg 1920 1080 1.77778
0051.jpg 1920 1080 1.77778
0052.jpg 1920 1080 1.77778
0053.jpg 1920 1080 1.77778
0054.jpg 1920 1080 1.77778
0055.jpg 1920 1080 1.77778
0056.jpg 1920 1080 1.77778
0057.jpg 1920 1080 1.77778
0058.jpg 1920 1080 1.77778
0059.jpg 1920 1080 1.77778
0060.jpg 1920 1080 1.77778
0061.jpg 1920 1080 1.77778
0062.jpg 1920 1080 1.77778
0063.jpg 1920 1080 1.77778
0064.jpg 1920 1080 1.77778
0065.jpg 1920 1080 1.77778
0066.jpg 1920 1080 1.77778
0067.jpg 1920 1080 1.77778
0068.jpg 1920 1080 1.77778
0069.jpg 1920 1080 1.77778
0070.jpg 1920 1080 1.77778
0071.jpg 1920 1080 1.77778
0072.jpg 1920 1080 1.77778
0073.jpg 1920 1080 1.77778
0074.jpg 1920 1080 1.77778
0075.jpg 1920 1080 1.77778
0076.jpg 1920 1080 1.77778
0077.jpg 1920 1080 1.77778
0078.jpg 1920 1080 1.77778
0079.jpg 1920 1080 1.77778
0080.jpg 1920 1080 1.77778
0081.jpg 1920 1080 1.77778
0082.jpg 1920 1080 1.77778
0083.jpg 1920 1080 1.77778
0084.jpg 1920 1080 1.77778
0085.jpg 1920 1080 1.77778
0086.jpg 1920 1080 1.77778
0087.jpg 1920 1080 1.77778
0088.jpg 1920 1080 1.77778
0089.jpg 1920 1080 1.77778
0090.jpg 1920 1080 1.77778
0091.jpg 1920 1080 1.77778
0092.jpg 1920 1080 1.77778
0093.jpg 1920 1080 1.77778
0094.jpg 1920 1080 1.77778
0095.jpg 1920 1080 1.77778
0096.jpg 1920 1080 1.77778
0097.jpg 1920 1080 1.77778
0098.jpg 1920 1080 1.77778
0099.jpg 1920 1080 1.77778
0100.jpg 1920 1080 1.77778
0101.jpg 1920 1080 1.77778
0102.jpg 1920 1080 1.77778
0103.jpg 1920 1080 1.77778
0104.jpg 1920 1080 1.77778
0105.jpg 1920 1080 1.77778
0106.jpg 1920 1080 1.77778
0107.jpg 1920 1080 1.77778
0108.jpg 1920 1080 1.77778
0109.jpg 1920 1080 1.77778
0110.jpg 1920 1080 1.77778
0111.jpg 1920 1080 1.77778
0112.jpg 1920 1080 1.77778
0113.jpg 1920 1080 1.77778
0114.jpg 1920 1080 1.77778
0115.jpg 1920 1080 1.77778
0116.jpg 1920 1080 1.77778
0117.jpg 1920 1080 1.77778
0118.jpg 1920 1080 1.77778
0119.jpg 1920 1080 1.77778
0120.jpg 1920 1080 1.77778
0121.jpg 1920 1080 1.77778
0122.jpg 1920 1080 1.77778
0123.jpg 1920 1080 1.77778
0124.jpg 1920 1080 1.77778
0125.jpg 1920 1080 1.77778
0126.jpg 1920 1080 1.77778
0127.jpg 1920 1080 1.77778
0128.jpg 1920 1080 1.77778
0129.jpg 1920 1080 1.77778
0130.jpg 1920 1080 1.77778
0131.jpg 1920 1080 1.77778
0132.jpg 1920 1080 1.77778
0133.jpg 1920 1080 1.77778
0134.jpg 1920 1080 1.77778
0135.jpg 1920 1080 1.77778
0136.jpg 1920 1080 1.77778
0137.jpg 1920 1080 1.77778
0138.jpg 1920 1080 1.77778
0139.jpg 1920 1080 1.77778
0140.jpg 1920 1080 1.77778
0141.jpg 1920 1080 1.77778
0142.jpg 1920 1080 1.77778
0143.jpg 1920 1080 1.77778
0144.jpg 1920 1080 1.77778
0145.jpg 1920 1080 1.77778
0146.jpg 1920 1080 1.77778
0147.jpg 1920 1080 1.77778
0148.jpg 1920 1080 1.77778
0149.jpg 1920 1080 1.77778
0150.jpg 1920 1080 1.77778
0151.jpg 1920 1080 1.77778
0152.jpg 1920 1080 1.77778
0153.jpg 1920 1080 1.77778
0154.jpg 1920 1080 1.77778
0155.jpg 1920 1080 1.77778
0156.jpg 1920 1080 1.77778
0157.jpg 1920 1080 1.77778
0158.jpg 1920 1080 1.77778
0159.jpg 1920 1080 1.77778
0160.jpg 1920 1080 1.77778
0161.jpg 1920 1080 1.77778
0162.jpg 1920 1080 1.77778
0163.jpg 1920 1080 1.77778
0164.jpg 1920 1080 1.77778
0165.jpg 1920 1080 1.77778
0166.jpg 1920 1080 1.77778
0167.jpg 1920 1080 1.77778
0168.jpg 1920 1080 1.77778
0169.jpg 1920 1080 1.77778
0170.jpg 1920 1080 1.77778
0171.jpg 1920 1080 1.77778
0172.jpg 1920 1080 1.77778
0173.jpg 1920 1080 1.77778
0174.jpg 1920 1080 1.77778
0175.jpg 1920 1080 1.77778
0176.jpg 1920 1080 1.77778
0177.jpg 1920 1080 1.77778
0178.jpg 1920 1080 1.77778
0179.jpg 1920 1080 1.77778
0180.jpg 1920 1080 1.77778
0181.jpg 1920 1080 1.77778
0182.jpg 1920 1080 1.77778
0183.jpg 1920 1080 1.77778
0184.jpg 1920 1080 1.77778
0185.jpg 1920 1080 1.77778
0186.jpg 1920 1080 1.77778
0187.jpg 1920 1080 1.77778
0188.jpg 1920 1080 1.77778
0189.jpg 1920 1080 1.77778
0190.jpg 1920 1080 1.77778
0191.jpg 1920 1080 1.77778
0192.jpg 1920 1080 1.77778
0193.jpg 1920 1080 1.77778
0194.jpg 1920 1080 1.77778
0195.jpg 1920 1080 1.77778
0196.jpg 1920 1080 1.77778
0197.jpg 1920 1080 1.77778
0198.jpg 1920 1080 1.77778
0199.jpg 1920 1080 1.77778
0200.jpg 1920 1080 1.77778
0201.jpg 1920 1080 1.77778
0202.jpg 1920 1080 1.77778
0203.jpg 1920 1080 1.77778
0204.jpg 1920 1080 1.77778
0205.jpg 1920 1080 1.77778
0206.jpg 1920 1080 1.77778
0207.jpg 1920 1080 1.77778
0208.jpg 1920 1080 1.77778
0209.jpg 1920 1080 1.77778
0210.jpg 1920 1080 1.77778
0211.jpg 1920 1080 1.77778
0212.jpg 1920 1080 1.77778
0213.jpg 1920 1080 1.77778
0214.jpg 1920 1080 1.77778
0215.jpg 1920 1080 1.77778
0216.jpg 1920 1080 1.77778
0217.jpg 1920 1080 1.77778
0218.jpg 1920 1080 1.77778
0219.jpg 1920 1080 1.77778
0220.jpg 1920 1080 1.77778
0221.jpg 1920 1080 1.77778
0222.jpg 1920 1080 1.77778
0223.jpg 1920 1080 1.77778
0224.jpg 1920 1080 1.77778
0225.jpg 1920 1080 1.77778
0226.jpg 1920 1080 1.77778
0227.jpg 1920 1080 1.77778
0228.jpg 1920 1080 1.77778
0229.jpg 1920 1080 1.77778
0230.jpg 1920 1080 1.77778
0231.jpg 1920 1080 1.77778
0232.jpg 1920 1080 1.77778
0233.jpg 1920 1080 1.77778
0234.jpg 1920 1080 1.77778
0235.jpg 1920 1080 1.77778
0236.jpg 1920 1080 1.77778
0237.jpg 1920 1080 1.77778
0238.jpg 1920 1080 1.77778
0239.jpg 1920 1080 1.77778
0240.jpg 1920 1080 1.77778
0241.jpg 1920 1080 1.77778
0242.jpg 1920 1080 1.77778
0243.jpg 1920 1080 1.77778
0244.jpg 1920 1080 1.77778
0245.jpg 1920 1080 1.77778
0246.jpg 1920 1080 1.77778
0247.jpg 1920 1080 1.77778
0248.jpg 1920 1080 1.77778
0249.jpg 1920 1080 1.77778
0250.jpg 1920 1080 1.77778
0251.jpg 1920 1080 1.77778
0252.jpg 1920 1080 1.77778
0253.jpg 1920 1080 1.77778
0254.jpg 1920 1080 1.77778
0255.jpg 1920 1080 1.77778
0256.jpg 1920 1080 1.77778
0257.jpg 1920 1080 1.77778
0258.jpg 1920 1080 1.77778
0259.jpg 1920 1080 1.77778
0260.jpg 1920 1080 1.77778
0261.jpg 1920 1080 1.77778
0262.jpg 1920 1080 1.77778
0263.jpg 1920 1080 1.77778
0264.jpg 1920 1080 1.77778
0265.jpg 1920 1080 1.77778
0266.jpg 1920 1080 1.77778
0267.jpg 1920 1080 1.77778
0268.jpg 1920 1080 1.77778
0269.jpg 1920 1080 1.77778
0270.jpg 1920 1080 1.77778
0271.jpg 1920 1080 1.77778
0272.jpg 1920 1080 1.77778
0273.jpg 1920 1080 1.77778
0274.jpg 1920 1080 1.77778
0275.jpg 1920 1080 1.77778
0276.jpg 1920 1080 1.77778
0277.jpg 1920 1080 1.77778
0278.jpg 1920 1080 1.77778
0279.jpg 1920 1080 1.77778
0280.jpg 1920 1080 1.77778
0281.jpg 1920 1080 1.77778
0282.jpg 1920 1080 1.77778
0283.jpg 1920 1080 1.77778
0284.jpg 1920 1080 1.77778
0285.jpg 1920 1080 1.77778
0286.jpg 1920 1080 1.77778
0287.jpg 1920 1080 1.77778
0288.jpg 1920 1080 1.77778
0289.jpg 1920 1080 1.77778
0290.jpg 1920 1080 1.77778
0291.jpg 1920 1080 1.77778
0292.jpg 1920 1080 1.77778
0293.jpg 1920 1080 1.77778
0294.jpg 1920 1080 1.77778
0295.jpg 1920 1080 1.77778
0296.jpg 1920 1080 1.77778
0297.jpg 1920 1080 1.77778
0298.jpg 1920 1080 1.77778
0299.jpg 1920 1080 1.77778
0300.jpg 1920 1080 1.77778
0301.jpg 1920 1080 1.77778
0302.jpg 1920 1080 1.77778
0303.jpg 1920 1080 1.77778
0304.jpg 1920 1080 1.77778
0305.jpg 1920 1080 1.77778
0306.jpg 1920 1080 1.77778
0307.jpg 1920 1080 1.77778
0308.jpg 1920 1080 1.77778
0309.jpg 1920 1080 1.77778
0310.jpg 1920 1080 1.77778
0311.jpg 1920 1080 1.77778
0312.jpg 1920 1080 1.77778
0313.jpg 1920 1080 1.77778
0314.jpg 1920 1080 1.77778
0315.jpg 1920 1080 1.77778
0316.jpg 1920 1080 1.77778
0317.jpg 1920 1080 1.77778
0318.jpg 1920 1080 1.77778
0319.jpg 1920 1080 1.77778
0320.jpg 1920 1080 1.77778
0321.jpg 1920 1080 1.77778
0322.jpg 1920 1080 1.77778
0323.jpg 1920 1080 1.77778
0324.jpg 1920 1080 1.77778
0325.jpg 1920 1080 1.77778
0326.jpg 1920 1080 1.77778
0327.jpg 1920 1080 1.77778
0328.jpg 1920 1080 1.77778
0329.jpg 1920 1080 1.77778
0330.jpg 1920 1080 1.77778
0331.jpg 1920 1080 1.77778
0332.jpg 1920 1080 1.77778
0333.jpg 1920 1080 1.77778
0334.jpg 1920 1080 1.77778
0335.jpg 1920 1080 1.77778
0336.jpg 1920 1080 1.77778
0337.jpg 1920 1080 1.77778
0338.jpg 1920 1080 1.77778
0339.jpg 1920 1080 1.77778
0340.jpg 1920 1080 1.77778
0341.jpg 1920 1080 1.77778
0342.jpg 1920 1080 1.77778
0343.jpg 1920 1080 1.77778
0344.jpg 1920 1080 1.77778
0345.jpg 1920 1080 1.77778
0346.jpg 1920 1080 1.77778
0347.jpg 1920 1080 1.77778
0348.jpg 1920 1080 1.77778
0349.jpg 1920 1080 1.77778
0350.jpg 1920 1080 1.77778
0351.jpg 1920 1080 1.77778
0352.jpg 1920 1080 1.77778
0353.jpg 1920 1080 1.77778
0354.jpg 1920 1080 1.77778
0355.jpg 1920 1080 1.77778
0356.jpg 1920 1080 1.77778
0357.jpg 1920 1080 1.77778
0358.jpg 1920 1080 1.77778
0359.jpg 1920 1080 1.77778
0360.jpg 1920 1080 1.77778
0361.jpg 1920 1080 1.77778
0362.jpg 1920 1080 1.77778
0363.jpg 1920 1080 1.77778
0364.jpg 1920 1080 1.77778
0365.jpg 1920 1080 1.77778
0366.jpg 1920 1080 1.77778
0367.jpg 1920 1080 1.77778
0368.jpg 1920 1080 1.77778
0369.jpg 1920 1080 1.77778
0370.jpg 1920 1080 1.77778
0371.jpg 1920 1080 1.77778
0372.jpg 1920 1080 1.77778
0373.jpg 1920 1080 1.77778
0374.jpg 1920 1080 1.77778
0375.jpg 1920 1080 1.77778
0376.jpg 1920 1080 1.77778
0377.jpg 1920 1080 1.77778
0378.jpg 1920 1080 1.77778
0379.jpg 1920 1080 1.77778
0380.jpg 1920 1080 1.77778
0381.jpg 1920 1080 1.77778
0382.jpg 1920 1080 1.77778
0383.jpg 1920 1080 1.77778
0384.jpg 1920 1080 1.77778
0385.jpg 1920 1080 1.77778
0386.jpg 1920 1080 1.77778
0387.jpg 1920 1080 1.77778
0388.jpg 1920 1080 1.77778
0389.jpg 1920 1080 1.77778
0390.jpg 1920 1080 1.77778
0391.jpg 1920 1080 1.77778
0392.jpg 1920 1080 1.77778
0393.jpg 1920 1080 1.77778
0394.jpg 1920 1080 1.77778
0395.jpg 1920 1080 1.77778
0396.jpg 1920 1080 1.77778
0397.jpg 1920 1080 1.77778
0398.jpg 1920 1080 1.77778
0399.jpg 1920 1080 1.77778
0400.jpg 1920 1080 1.77778
0401.jpg 1920 1080 1.77778
0402.jpg 1920 1080 1.77778
0403.jpg 1920 1080 1.77778
0404.jpg 1920 1080 1.77778
0405.jpg 1920 1080 1.77778
0406.jpg 1920 1080 1.77778
0407.jpg 1920 1080 1.77778
0408.jpg 1920 1080 1.77778
0409.jpg 1920 1080 1.77778
0410.jpg 1920 1080 1.77778
0411.jpg 1920 1080 1.77778
0412.jpg 1920 1080 1.77778
0413.jpg 1920 1080 1.77778
0414.jpg 1920 1080 1.77778
0415.jpg 1920 1080 1.77778
0416.jpg 1920 1080 1.77778
0417.jpg 1920 1080 1.77778
0418.jpg 1920 1080 1.77778
0419.jpg 1920 1080 1.77778
0420.jpg 1920 1080 1.77778
0421.jpg 1920 1080 1.77778
0422.jpg 1920 1080 1.77778
0423.jpg 1920 1080 1.77778
0424.jpg 1920 1080 1.77778
0425.jpg 1920 1080 1.77778
0426.jpg 1920 1080 1.77778
0427.jpg 1920 1080 1.77778
0428.jpg 1920 1080 1.77778
0429.jpg 1920 1080 1.77778
0430.jpg 1920 1080 1.77778
0431.jpg 1920 1080 1.77778
