0000.jpg 830 1080 0.768519
0001.jpg 830 1080 0.768519
0002.jpg 830 1080 0.768519
0003.jpg 830 1080 0.768519
0004.jpg 830 1080 0.768519
0005.jpg 830 1080 0.768519
0006.jpg 830 1080 0.768519
0007.jpg 830 1080 0.768519
0008.jpg 830 1080 0.768519
0009.jpg 830 1080 0.768519
0010.jpg 830 1080 0.768519
0011.jpg 830 1080 0.768519
0012.jpg 830 1080 0.768519
0013.jpg 830 1080 0.768519
0014.jpg 830 1080 0.768519
0015.jpg 830 1080 0.768519
0016.jpg 830 1080 0.768519
0017.jpg 830 1080 0.768519
0018.jpg 830 1080 0.768519
0019.jpg 830 1080 0.768519
0020.jpg 830 1080 0.768519
0021.jpg 830 1080 0.768519
0022.jpg 830 1080 0.768519
0023.jpg 830 1080 0.768519
0024.jpg 830 1080 0.768519
0025.jpg 830 1080 0.768519
0026.jpg 830 1080 0.768519
0027.jpg 830 1080 0.768519
0028.jpg 830 1080 0.768519
0029.jpg 830 1080 0.768519
0030.jpg 830 1080 0.768519
0031.jpg 830 1080 0.768519
0032.jpg 830 1080 0.768519
0033.jpg 830 1080 0.768519
0034.jpg 830 1080 0.768519
0035.jpg 830 1080 0.768519
