0000.jpg 1920 1080 1.77778
0001.jpg 1920 1080 1.77778
0002.jpg 1920 1080 1.77778
0003.jpg 1920 1080 1.77778
0004.jpg 1920 1080 1.77778
0005.jpg 1920 1080 1.77778
0006.jpg 1920 1080 1.77778
0007.jpg 1920 1080 1.77778
0008.jpg 1920 1080 1.77778
0009.jpg 1920 1080 1.77778
0010.jpg 1920 1080 1.77778
0011.jpg 1920 1080 1.77778
0012.jpg 1920 1080 1.77778
0013.jpg 1920 1080 1.77778
0014.jpg 1920 1080 1.77778
0015.jpg 1920 1080 1.77778
0016.jpg 1920 1080 1.77778
0017.jpg 1920 1080 1.77778
0018.jpg 1920 1080 1.77778
0019.jpg 1920 1080 1.77778
0020.jpg 1920 1080 1.77778
0021.jpg 1920 1080 1.77778
0022.jpg 1920 1080 1.77778
0023.jpg 1920 1080 1.77778
0024.jpg 1920 1080 1.77778
0025.jpg 1920 1080 1.77778
0026.jpg 1920 1080 1.77778
0027.jpg 1920 1080 1.77778
0028.jpg 1920 1080 1.77778
0029.jpg 1920 1080 1.77778
0030.jpg 1920 1080 1.77778
0031.jpg 1920 1080 1.77778
0032.jpg 1920 1080 1.77778
0033.jpg 1920 1080 1.77778
0034.jpg 1920 1080 1.77778
0035.jpg 1920 1080 1.77778
0036.jpg 1920 1080 1.77778
0037.jpg 1920 1080 1.77778
0038.jpg 1920 1080 1.77778
0039.jpg 1920 1080 1.77778
0040.jpg 1920 1080 1.77778
0041.jpg 1920 1080 1.77778
0042.jpg 1920 1080 1.77778
0043.jpg 1920 1080 1.77778
0044.jpg 1920 1080 1.77778
0045.jpg 1920 1080 1.77778
0046.jpg 1920 1080 1.77778
0047.jpg 1920 1080 1.77778
0048.jpg 1920 1080 1.77778
0049.jpg 1920 1080 1.77778
0050.jpg 1920 1080 1.77778
0051.jpg 1920 1080 1.77778
0052.jpg 1920 1080 1.77778
0053.jpg 1920 1080 1.77778
0054.jpg 1920 1080 1.77778
0055.jpg 1920 1080 1.77778
0056.jpg 1920 1080 1.77778
0057.jpg 1920 1080 1.77778
0058.jpg 1920 1080 1.77778
0059.jpg 1920 1080 1.77778
0060.jpg 1920 1080 1.77778
0061.jpg 1920 1080 1.77778
0062.jpg 1920 1080 1.77778
0063.jpg 1920 1080 1.77778
0064.jpg 1920 1080 1.77778
0065.jpg 1920 1080 1.77778
0066.jpg 1920 1080 1.77778
0067.jpg 1920 1080 1.77778
0068.jpg 1920 1080 1.77778
0069.jpg 1920 1080 1.77778
0070.jpg 1920 1080 1.77778
0071.jpg 1920 1080 1.77778
0072.jpg 1920 1080 1.77778
0073.jpg 1920 1080 1.77778
0074.jpg 1920 1080 1.77778
0075.jpg 1920 1080 1.77778
0076.jpg 1920 1080 1.77778
0077.jpg 1920 1080 1.77778
0078.jpg 1920 1080 1.77778
0079.jpg 1920 1080 1.77778
0080.jpg 1920 1080 1.77778
0081.jpg 1920 1080 1.77778
0082.jpg 1920 1080 1.77778
0083.jpg 1920 1080 1.77778
0084.jpg 1920 1080 1.77778
0085.jpg 1920 1080 1.77778
0086.jpg 1920 1080 1.77778
0087.jpg 1920 1080 1.77778
0088.jpg 1920 1080 1.77778
0089.jpg 1920 1080 1.77778
0090.jpg 1920 1080 1.77778
0091.jpg 1920 1080 1.77778
0092.jpg 1920 1080 1.77778
0093.jpg 1920 1080 1.77778
0094.jpg 1920 1080 1.77778
0095.jpg 1920 1080 1.77778
0096.jpg 1920 1080 1.77778
0097.jpg 1920 1080 1.77778
0098.jpg 1920 1080 1.77778
0099.jpg 1920 1080 1.77778
0100.jpg 1920 1080 1.77778
0101.jpg 1920 1080 1.77778
0102.jpg 1920 1080 1.77778
0103.jpg 1920 1080 1.77778
0104.jpg 1920 1080 1.77778
0105.jpg 1920 1080 1.77778
0106.jpg 1920 1080 1.77778
0107.jpg 1920 1080 1.77778
0108.jpg 1920 1080 1.77778
0109.jpg 1920 1080 1.77778
0110.jpg 1920 1080 1.77778
0111.jpg 1920 1080 1.77778
0112.jpg 1920 1080 1.77778
0113.jpg 1920 1080 1.77778
0114.jpg 1920 1080 1.77778
0115.jpg 1920 1080 1.77778
0116.jpg 1920 1080 1.77778
0117.jpg 1920 1080 1.77778
0118.jpg 1920 1080 1.77778
0119.jpg 1920 1080 1.77778
0120.jpg 1920 1080 1.77778
0121.jpg 1920 1080 1.77778
0122.jpg 1920 1080 1.77778
0123.jpg 1920 1080 1.77778
0124.jpg 1920 1080 1.77778
0125.jpg 1920 1080 1.77778
0126.jpg 1920 1080 1.77778
0127.jpg 1920 1080 1.77778
0128.jpg 1920 1080 1.77778
0129.jpg 1920 1080 1.77778
0130.jpg 1920 1080 1.77778
0131.jpg 1920 1080 1.77778
0132.jpg 1920 1080 1.77778
0133.jpg 1920 1080 1.77778
0134.jpg 1920 1080 1.77778
0135.jpg 1920 1080 1.77778
0136.jpg 1920 1080 1.77778
0137.jpg 1920 1080 1.77778
0138.jpg 1920 1080 1.77778
0139.jpg 1920 1080 1.77778
0140.jpg 1920 1080 1.77778
0141.jpg 1920 1080 1.77778
0142.jpg 1920 1080 1.77778
0143.jpg 1920 1080 1.77778
0144.jpg 1920 1080 1.77778
0145.jpg 1920 1080 1.77778
0146.jpg 1920 1080 1.77778
5000.jpg 1920 1080 1.77778
5001.jpg 1920 1080 1.77778
5002.jpg 1920 1080 1.77778
5003.jpg 1920 1080 1.77778
5004.jpg 1920 1080 1.77778
5005.jpg 1920 1080 1.77778
5006.jpg 1920 1080 1.77778
5007.jpg 1920 1080 1.77778
5008.jpg 1920 1080 1.77778
5009.jpg 1920 1080 1.77778
5010.jpg 1920 1080 1.77778
5011.jpg 1920 1080 1.77778
5012.jpg 1920 1080 1.77778
5013.jpg 1920 1080 1.77778
5014.jpg 1920 1080 1.77778
5015.jpg 1920 1080 1.77778
5016.jpg 1920 1080 1.77778
5017.jpg 1920 1080 1.77778
5018.jpg 1920 1080 1.77778
5019.jpg 1920 1080 1.77778
5020.jpg 1920 1080 1.77778
5021.jpg 1920 1080 1.77778
5022.jpg 1920 1080 1.77778
5023.jpg 1920 1080 1.77778
5024.jpg 1920 1080 1.77778
5025.jpg 1920 1080 1.77778
5026.jpg 1920 1080 1.77778
5027.jpg 1920 1080 1.77778
5028.jpg 1920 1080 1.77778
5029.jpg 1920 1080 1.77778
5030.jpg 1920 1080 1.77778
5031.jpg 1920 1080 1.77778
5032.jpg 1920 1080 1.77778
5033.jpg 1920 1080 1.77778
5034.jpg 1920 1080 1.77778
5035.jpg 1920 1080 1.77778
5036.jpg 1920 1080 1.77778
5037.jpg 1920 1080 1.77778
5038.jpg 1920 1080 1.77778
5039.jpg 1920 1080 1.77778
5040.jpg 1920 1080 1.77778
5041.jpg 1920 1080 1.77778
5042.jpg 1920 1080 1.77778
5043.jpg 1920 1080 1.77778
5044.jpg 1920 1080 1.77778
5045.jpg 1920 1080 1.77778
5046.jpg 1920 1080 1.77778
5047.jpg 1920 1080 1.77778
5048.jpg 1920 1080 1.77778
5049.jpg 1920 1080 1.77778
5050.jpg 1920 1080 1.77778
5051.jpg 1920 1080 1.77778
5052.jpg 1920 1080 1.77778
5053.jpg 1920 1080 1.77778
5054.jpg 1920 1080 1.77778
5055.jpg 1920 1080 1.77778
5056.jpg 1920 1080 1.77778
5057.jpg 1920 1080 1.77778
5058.jpg 1920 1080 1.77778
5059.jpg 1920 1080 1.77778
5060.jpg 1920 1080 1.77778
5061.jpg 1920 1080 1.77778
5062.jpg 1920 1080 1.77778
5063.jpg 1920 1080 1.77778
5064.jpg 1920 1080 1.77778
5065.jpg 1920 1080 1.77778
5066.jpg 1920 1080 1.77778
5067.jpg 1920 1080 1.77778
5068.jpg 1920 1080 1.77778
5069.jpg 1920 1080 1.77778
5070.jpg 1920 1080 1.77778
5071.jpg 1920 1080 1.77778
5072.jpg 1920 1080 1.77778
5073.jpg 1920 1080 1.77778
5074.jpg 1920 1080 1.77778
5075.jpg 1920 1080 1.77778
5076.jpg 1920 1080 1.77778
5077.jpg 1920 1080 1.77778
5078.jpg 1920 1080 1.77778
5079.jpg 1920 1080 1.77778
5080.jpg 1920 1080 1.77778
5081.jpg 1920 1080 1.77778
5083.jpg 1920 1080 1.77778
5084.jpg 1920 1080 1.77778
5085.jpg 1920 1080 1.77778
5086.jpg 1920 1080 1.77778
5087.jpg 1920 1080 1.77778
5088.jpg 1920 1080 1.77778
5089.jpg 1920 1080 1.77778
5090.jpg 1920 1080 1.77778
5091.jpg 1920 1080 1.77778
5092.jpg 1920 1080 1.77778
5093.jpg 1920 1080 1.77778
5094.jpg 1920 1080 1.77778
5095.jpg 1920 1080 1.77778
5096.jpg 1920 1080 1.77778
5097.jpg 1920 1080 1.77778
5098.jpg 1920 1080 1.77778
5099.jpg 1920 1080 1.77778
5100.jpg 1920 1080 1.77778
5101.jpg 1920 1080 1.77778
5102.jpg 1920 1080 1.77778
5103.jpg 1920 1080 1.77778
5104.jpg 1920 1080 1.77778
5105.jpg 1920 1080 1.77778
5106.jpg 1920 1080 1.77778
5107.jpg 1920 1080 1.77778
5108.jpg 1920 1080 1.77778
5109.jpg 1920 1080 1.77778
5110.jpg 1920 1080 1.77778
5111.jpg 1920 1080 1.77778
5112.jpg 1920 1080 1.77778
5113.jpg 1920 1080 1.77778
5114.jpg 1920 1080 1.77778
5115.jpg 1920 1080 1.77778
5116.jpg 1920 1080 1.77778
5117.jpg 1920 1080 1.77778
5118.jpg 1920 1080 1.77778
5119.jpg 1920 1080 1.77778
5120.jpg 1920 1080 1.77778
5121.jpg 1920 1080 1.77778
5122.jpg 1920 1080 1.77778
5123.jpg 1920 1080 1.77778
5124.jpg 1920 1080 1.77778
5125.jpg 1920 1080 1.77778
5126.jpg 1920 1080 1.77778
5127.jpg 1920 1080 1.77778
5128.jpg 1920 1080 1.77778
5129.jpg 1920 1080 1.77778
5130.jpg 1920 1080 1.77778
5131.jpg 1920 1080 1.77778
5132.jpg 1920 1080 1.77778
5133.jpg 1920 1080 1.77778
5134.jpg 1920 1080 1.77778
5135.jpg 1920 1080 1.77778
5136.jpg 1920 1080 1.77778
5137.jpg 1920 1080 1.77778
5138.jpg 1920 1080 1.77778
5139.jpg 1920 1080 1.77778
5140.jpg 1920 1080 1.77778
5141.jpg 1920 1080 1.77778
5142.jpg 1920 1080 1.77778
5143.jpg 1920 1080 1.77778
5144.jpg 1920 1080 1.77778
5145.jpg 1920 1080 1.77778
5146.jpg 1920 1080 1.77778
5147.jpg 1920 1080 1.77778
5148.jpg 1920 1080 1.77778
5149.jpg 1920 1080 1.77778
5150.jpg 1920 1080 1.77778
5151.jpg 1920 1080 1.77778
5152.jpg 1920 1080 1.77778
5153.jpg 1920 1080 1.77778
5154.jpg 1920 1080 1.77778
5155.jpg 1920 1080 1.77778
5156.jpg 1920 1080 1.77778
5157.jpg 1920 1080 1.77778
5158.jpg 1920 1080 1.77778
5159.jpg 1920 1080 1.77778
5160.jpg 1920 1080 1.77778
5161.jpg 1920 1080 1.77778
5162.jpg 1920 1080 1.77778
5163.jpg 1920 1080 1.77778
5164.jpg 1920 1080 1.77778
5165.jpg 1920 1080 1.77778
5166.jpg 1920 1080 1.77778
5167.jpg 1920 1080 1.77778
5168.jpg 1920 1080 1.77778
5169.jpg 1920 1080 1.77778
5170.jpg 1920 1080 1.77778
5171.jpg 1920 1080 1.77778
5172.jpg 1920 1080 1.77778
5082.jpg 1728 1080 1.6
