4000.jpg 16830 1440 11.6875
4001.jpg 16830 1440 11.6875
4002.jpg 16830 1440 11.6875
4003.jpg 16830 1440 11.6875
4004.jpg 16830 1440 11.6875
4005.jpg 16830 1440 11.6875
4006.jpg 16830 1440 11.6875
4007.jpg 16830 1440 11.6875
4008.jpg 16830 1440 11.6875
4009.jpg 16830 1440 11.6875
4010.jpg 16830 1440 11.6875
4011.jpg 16830 1440 11.6875
4012.jpg 16830 1440 11.6875
4013.jpg 16830 1440 11.6875
4014.jpg 16830 1440 11.6875
4015.jpg 16830 1440 11.6875
4016.jpg 16830 1440 11.6875
4017.jpg 16830 1440 11.6875
