4022.jpg 861 1080 0.797222
4013.jpg 860 1080 0.796296
4023.jpg 860 1080 0.796296
4005.jpg 857 1080 0.793519
4009.jpg 853 1080 0.789815
4002.jpg 849 1080 0.786111
4006.jpg 841 1080 0.778704
4032.jpg 833 1080 0.771296
4003.jpg 832 1080 0.77037
4021.jpg 832 1080 0.77037
4035.jpg 832 1080 0.77037
4015.jpg 829 1080 0.767593
4031.jpg 827 1080 0.765741
4000.jpg 823 1080 0.762037
4008.jpg 820 1080 0.759259
4027.jpg 820 1080 0.759259
4012.jpg 818 1080 0.757407
4024.jpg 817 1080 0.756481
4029.jpg 817 1080 0.756481
4018.jpg 816 1080 0.755556
4011.jpg 815 1080 0.75463
4028.jpg 815 1080 0.75463
4034.jpg 815 1080 0.75463
4007.jpg 805 1080 0.74537
4030.jpg 802 1080 0.742593
4001.jpg 799 1080 0.739815
4010.jpg 798 1080 0.738889
4025.jpg 798 1080 0.738889
4014.jpg 797 1080 0.737963
4016.jpg 797 1080 0.737963
4017.jpg 797 1080 0.737963
4004.jpg 796 1080 0.737037
4020.jpg 794 1080 0.735185
4026.jpg 793 1080 0.734259
4033.jpg 787 1080 0.728704
4019.jpg 785 1080 0.726852
