0000.jpg 1917 2951 0.64961
0001.jpg 1917 2951 0.64961
0002.jpg 1917 2951 0.64961
0003.jpg 1917 2951 0.64961
0004.jpg 1917 2951 0.64961
0005.jpg 1917 2951 0.64961
0006.jpg 1917 2951 0.64961
0007.jpg 1917 2951 0.64961
0008.jpg 1917 2951 0.64961
0009.jpg 1917 2951 0.64961
0010.jpg 1917 2951 0.64961
0011.jpg 1917 2951 0.64961
0012.jpg 1917 2951 0.64961
0013.jpg 1917 2951 0.64961
0014.jpg 1917 2951 0.64961
0015.jpg 1917 2951 0.64961
0016.jpg 1917 2951 0.64961
0017.jpg 1917 2951 0.64961
0018.jpg 1917 2951 0.64961
0019.jpg 1917 2951 0.64961
0020.jpg 1917 2951 0.64961
0021.jpg 1917 2951 0.64961
0022.jpg 1917 2951 0.64961
0023.jpg 1917 2951 0.64961
0024.jpg 1917 2951 0.64961
0025.jpg 1917 2951 0.64961
0026.jpg 1917 2951 0.64961
0027.jpg 1917 2951 0.64961
0028.jpg 1917 2951 0.64961
0029.jpg 1917 2951 0.64961
0030.jpg 1917 2951 0.64961
0031.jpg 1917 2951 0.64961
0032.jpg 1917 2951 0.64961
0033.jpg 1917 2951 0.64961
0034.jpg 1917 2951 0.64961
0035.jpg 1917 2951 0.64961
0036.jpg 1917 2951 0.64961
0037.jpg 1917 2951 0.64961
0038.jpg 1917 2951 0.64961
0039.jpg 1917 2951 0.64961
0040.jpg 1917 2951 0.64961
0041.jpg 1917 2951 0.64961
0042.jpg 1917 2951 0.64961
0043.jpg 1917 2951 0.64961
0044.jpg 1917 2951 0.64961
0045.jpg 1917 2951 0.64961
0046.jpg 1917 2951 0.64961
0047.jpg 1917 2951 0.64961
0048.jpg 1917 2951 0.64961
0049.jpg 1917 2951 0.64961
0050.jpg 1917 2951 0.64961
0051.jpg 1917 2951 0.64961
0052.jpg 1917 2951 0.64961
0053.jpg 1917 2951 0.64961
0054.jpg 1917 2951 0.64961
0055.jpg 1917 2951 0.64961
0056.jpg 1917 2951 0.64961
0057.jpg 1917 2951 0.64961
0058.jpg 1917 2951 0.64961
0059.jpg 1917 2951 0.64961
0060.jpg 1917 2951 0.64961
0061.jpg 1917 2951 0.64961
0062.jpg 1917 2951 0.64961
0063.jpg 1917 2951 0.64961
0064.jpg 1917 2951 0.64961
0065.jpg 1917 2951 0.64961
0066.jpg 1917 2951 0.64961
0067.jpg 1917 2951 0.64961
0068.jpg 1917 2951 0.64961
0069.jpg 1917 2951 0.64961
0070.jpg 1917 2951 0.64961
0071.jpg 1917 2951 0.64961
0072.jpg 1917 2951 0.64961
0073.jpg 1917 2951 0.64961
0074.jpg 1917 2951 0.64961
0075.jpg 1917 2951 0.64961
0076.jpg 1917 2951 0.64961
0077.jpg 1917 2951 0.64961
0078.jpg 1917 2951 0.64961
0079.jpg 1917 2951 0.64961
0080.jpg 1917 2951 0.64961
0081.jpg 1917 2951 0.64961
0082.jpg 1917 2951 0.64961
0083.jpg 1917 2951 0.64961
0084.jpg 1917 2951 0.64961
0085.jpg 1917 2951 0.64961
0086.jpg 1917 2951 0.64961
0087.jpg 1917 2951 0.64961
0088.jpg 1917 2951 0.64961
0089.jpg 1917 2951 0.64961
0090.jpg 1917 2951 0.64961
0091.jpg 1917 2951 0.64961
0092.jpg 1917 2951 0.64961
0093.jpg 1917 2951 0.64961
0094.jpg 1917 2951 0.64961
0095.jpg 1917 2951 0.64961
0096.jpg 1917 2951 0.64961
0097.jpg 1917 2951 0.64961
0098.jpg 1917 2951 0.64961
0099.jpg 1917 2951 0.64961
0100.jpg 1917 2951 0.64961
0101.jpg 1917 2951 0.64961
0102.jpg 1917 2951 0.64961
0103.jpg 1917 2951 0.64961
0104.jpg 1917 2951 0.64961
0105.jpg 1917 2951 0.64961
0106.jpg 1917 2951 0.64961
0107.jpg 1917 2951 0.64961
0108.jpg 1917 2951 0.64961
0109.jpg 1917 2951 0.64961
0110.jpg 1917 2951 0.64961
0111.jpg 1917 2951 0.64961
0112.jpg 1917 2951 0.64961
0113.jpg 1917 2951 0.64961
0114.jpg 1917 2951 0.64961
0115.jpg 1917 2951 0.64961
0116.jpg 1917 2951 0.64961
0117.jpg 1917 2951 0.64961
0118.jpg 1917 2951 0.64961
0119.jpg 1917 2951 0.64961
0120.jpg 1917 2951 0.64961
0121.jpg 1917 2951 0.64961
0122.jpg 1917 2951 0.64961
0123.jpg 1917 2951 0.64961
0124.jpg 1917 2951 0.64961
0125.jpg 1917 2951 0.64961
0126.jpg 1917 2951 0.64961
0127.jpg 1917 2951 0.64961
0128.jpg 1917 2951 0.64961
0129.jpg 1917 2951 0.64961
0130.jpg 1917 2951 0.64961
0131.jpg 1917 2951 0.64961
0132.jpg 1917 2951 0.64961
0133.jpg 1917 2951 0.64961
0134.jpg 1917 2951 0.64961
0135.jpg 1917 2951 0.64961
0136.jpg 1917 2951 0.64961
0137.jpg 1917 2951 0.64961
0138.jpg 1917 2951 0.64961
0139.jpg 1917 2951 0.64961
0140.jpg 1917 2951 0.64961
0141.jpg 1917 2951 0.64961
0142.jpg 1917 2951 0.64961
0143.jpg 1917 2951 0.64961
0144.jpg 1917 2951 0.64961
0145.jpg 1917 2951 0.64961
0146.jpg 1917 2951 0.64961
0147.jpg 1917 2951 0.64961
0148.jpg 1917 2951 0.64961
0149.jpg 1917 2951 0.64961
0150.jpg 1917 2951 0.64961
0151.jpg 1917 2951 0.64961
0152.jpg 1917 2951 0.64961
0153.jpg 1917 2951 0.64961
0154.jpg 1917 2951 0.64961
0155.jpg 1917 2951 0.64961
0156.jpg 1917 2951 0.64961
0157.jpg 1917 2951 0.64961
0158.jpg 1917 2951 0.64961
0159.jpg 1917 2951 0.64961
0160.jpg 1917 2951 0.64961
0161.jpg 1917 2951 0.64961
0162.jpg 1917 2951 0.64961
0163.jpg 1917 2951 0.64961
0164.jpg 1917 2951 0.64961
0165.jpg 1917 2951 0.64961
0166.jpg 1917 2951 0.64961
0167.jpg 1917 2951 0.64961
0168.jpg 1917 2951 0.64961
0169.jpg 1917 2951 0.64961
0170.jpg 1917 2951 0.64961
0171.jpg 1917 2951 0.64961
0172.jpg 1917 2951 0.64961
0173.jpg 1917 2951 0.64961
0174.jpg 1917 2951 0.64961
0175.jpg 1917 2951 0.64961
0176.jpg 1917 2951 0.64961
0177.jpg 1917 2951 0.64961
0178.jpg 1917 2951 0.64961
0179.jpg 1917 2951 0.64961
0180.jpg 1917 2951 0.64961
0181.jpg 1917 2951 0.64961
0182.jpg 1917 2951 0.64961
0183.jpg 1917 2951 0.64961
0184.jpg 1917 2951 0.64961
0185.jpg 1917 2951 0.64961
0186.jpg 1917 2951 0.64961
0187.jpg 1917 2951 0.64961
0188.jpg 1917 2951 0.64961
0189.jpg 1917 2951 0.64961
0190.jpg 1917 2951 0.64961
0191.jpg 1917 2951 0.64961
0192.jpg 1917 2951 0.64961
0193.jpg 1917 2951 0.64961
0194.jpg 1917 2951 0.64961
0195.jpg 1917 2951 0.64961
0196.jpg 1917 2951 0.64961
0197.jpg 1917 2951 0.64961
0198.jpg 1917 2951 0.64961
0199.jpg 1917 2951 0.64961
0200.jpg 1917 2951 0.64961
0201.jpg 1917 2951 0.64961
0202.jpg 1917 2951 0.64961
0203.jpg 1917 2951 0.64961
0204.jpg 1917 2951 0.64961
0205.jpg 1917 2951 0.64961
0206.jpg 1917 2951 0.64961
0207.jpg 1917 2951 0.64961
0208.jpg 1917 2951 0.64961
0209.jpg 1917 2951 0.64961
0210.jpg 1917 2951 0.64961
0211.jpg 1917 2951 0.64961
0212.jpg 1917 2951 0.64961
0213.jpg 1917 2951 0.64961
0214.jpg 1917 2951 0.64961
0215.jpg 1917 2951 0.64961
0216.jpg 1917 2951 0.64961
0217.jpg 1917 2951 0.64961
0218.jpg 1917 2951 0.64961
0219.jpg 1917 2951 0.64961
0220.jpg 1917 2951 0.64961
0221.jpg 1917 2951 0.64961
0222.jpg 1917 2951 0.64961
0223.jpg 1917 2951 0.64961
0224.jpg 1917 2951 0.64961
0225.jpg 1917 2951 0.64961
0226.jpg 1917 2951 0.64961
0227.jpg 1917 2951 0.64961
0228.jpg 1917 2951 0.64961
0229.jpg 1917 2951 0.64961
0230.jpg 1917 2951 0.64961
0231.jpg 1917 2951 0.64961
0232.jpg 1917 2951 0.64961
0233.jpg 1917 2951 0.64961
0234.jpg 1917 2951 0.64961
0235.jpg 1917 2951 0.64961
0236.jpg 1917 2951 0.64961
0237.jpg 1917 2951 0.64961
0238.jpg 1917 2951 0.64961
0239.jpg 1917 2951 0.64961
0240.jpg 1917 2951 0.64961
0241.jpg 1917 2951 0.64961
0242.jpg 1917 2951 0.64961
0243.jpg 1917 2951 0.64961
0244.jpg 1917 2951 0.64961
0245.jpg 1917 2951 0.64961
0246.jpg 1917 2951 0.64961
0247.jpg 1917 2951 0.64961
0248.jpg 1917 2951 0.64961
0249.jpg 1917 2951 0.64961
0250.jpg 1917 2951 0.64961
0251.jpg 1917 2951 0.64961
0252.jpg 1917 2951 0.64961
0253.jpg 1917 2951 0.64961
0254.jpg 1917 2951 0.64961
0255.jpg 1917 2951 0.64961
0256.jpg 1917 2951 0.64961
0257.jpg 1917 2951 0.64961
0258.jpg 1917 2951 0.64961
0259.jpg 1917 2951 0.64961
0260.jpg 1917 2951 0.64961
0261.jpg 1917 2951 0.64961
0262.jpg 1917 2951 0.64961
0263.jpg 1917 2951 0.64961
0264.jpg 1917 2951 0.64961
0265.jpg 1917 2951 0.64961
0266.jpg 1917 2951 0.64961
0267.jpg 1917 2951 0.64961
0268.jpg 1917 2951 0.64961
0269.jpg 1917 2951 0.64961
0270.jpg 1917 2951 0.64961
0271.jpg 1917 2951 0.64961
0272.jpg 1917 2951 0.64961
0273.jpg 1917 2951 0.64961
0274.jpg 1917 2951 0.64961
0275.jpg 1917 2951 0.64961
0276.jpg 1917 2951 0.64961
0277.jpg 1917 2951 0.64961
0278.jpg 1917 2951 0.64961
0279.jpg 1917 2951 0.64961
0280.jpg 1917 2951 0.64961
0281.jpg 1917 2951 0.64961
0282.jpg 1917 2951 0.64961
0283.jpg 1917 2951 0.64961
0284.jpg 1917 2951 0.64961
0285.jpg 1917 2951 0.64961
0286.jpg 1917 2951 0.64961
0287.jpg 1917 2951 0.64961
0288.jpg 1917 2951 0.64961
0289.jpg 1917 2951 0.64961
0290.jpg 1917 2951 0.64961
0291.jpg 1917 2951 0.64961
0292.jpg 1917 2951 0.64961
0293.jpg 1917 2951 0.64961
0294.jpg 1917 2951 0.64961
0295.jpg 1917 2951 0.64961
0296.jpg 1917 2951 0.64961
0297.jpg 1917 2951 0.64961
0298.jpg 1917 2951 0.64961
0299.jpg 1917 2951 0.64961
0300.jpg 1917 2951 0.64961
0301.jpg 1917 2951 0.64961
0302.jpg 1917 2951 0.64961
0303.jpg 1917 2951 0.64961
0304.jpg 1917 2951 0.64961
0305.jpg 1917 2951 0.64961
0306.jpg 1917 2951 0.64961
0307.jpg 1917 2951 0.64961
0308.jpg 1917 2951 0.64961
0309.jpg 1917 2951 0.64961
0310.jpg 1917 2951 0.64961
0311.jpg 1917 2951 0.64961
0312.jpg 1917 2951 0.64961
0313.jpg 1917 2951 0.64961
0314.jpg 1917 2951 0.64961
0315.jpg 1917 2951 0.64961
0316.jpg 1917 2951 0.64961
0317.jpg 1917 2951 0.64961
0318.jpg 1917 2951 0.64961
0319.jpg 1917 2951 0.64961
0320.jpg 1917 2951 0.64961
0321.jpg 1917 2951 0.64961
0322.jpg 1917 2951 0.64961
0323.jpg 1917 2951 0.64961
