4029.jpg 1703 1080 1.57685
4023.jpg 1637 1080 1.51574
4028.jpg 1625 1080 1.50463
4026.jpg 1619 1080 1.49907
4008.jpg 1610 1080 1.49074
4002.jpg 1594 1080 1.47593
4020.jpg 1594 1080 1.47593
4019.jpg 1590 1080 1.47222
4006.jpg 1581 1080 1.46389
4032.jpg 1581 1080 1.46389
4030.jpg 1578 1080 1.46111
4007.jpg 1576 1080 1.45926
4027.jpg 1568 1080 1.45185
4014.jpg 1559 1080 1.44352
4035.jpg 1558 1080 1.44259
4005.jpg 1550 1080 1.43519
4024.jpg 1547 1080 1.43241
4034.jpg 1547 1080 1.43241
4009.jpg 1539 1080 1.425
4010.jpg 1533 1080 1.41944
4022.jpg 1533 1080 1.41944
4025.jpg 1531 1080 1.41759
4011.jpg 1527 1080 1.41389
4033.jpg 1510 1080 1.39815
4003.jpg 1504 1080 1.39259
4001.jpg 1503 1080 1.39167
4031.jpg 1496 1080 1.38519
4004.jpg 1489 1080 1.3787
4000.jpg 1464 1080 1.35556
4021.jpg 1418 1080 1.31296
4012.jpg 1417 1080 1.31204
4013.jpg 1410 1080 1.30556
4015.jpg 1407 1080 1.30278
4018.jpg 1391 1080 1.28796
4016.jpg 1387 1080 1.28426
4036.jpg 1382 1080 1.27963
4017.jpg 1360 1080 1.25926
4037.jpg 1358 1080 1.25741
