072.000.webp 15840 180 88
008.000.webp 15360 1200 12.8
008.001.webp 15360 1200 12.8
008.002.webp 15360 1200 12.8
036.000.webp 15120 280 54
006.000.webp 11520 1200 9.6
006.001.webp 11520 1200 9.6
006.002.webp 11520 1200 9.6
024.000.webp 10752 280 38.4
024.480.webp 10752 280 38.4
018.000.webp 8064 280 28.8
004.000.webp 7680 1200 6.4
004.001.webp 7680 1200 6.4
004.002.webp 7680 1200 6.4
004.003.webp 7680 1200 6.4
004.004.webp 7680 1200 6.4
003.000.webp 5760 1200 4.8
003.001.webp 5760 1200 4.8
003.002.webp 5760 1200 4.8
003.003.webp 5760 1200 4.8
003.004.webp 5760 1200 4.8
003.005.webp 5760 1200 4.8
012.000.webp 5376 280 19.2
012.001.webp 5376 280 19.2
0490.0280.gif[10] 448 352 1.27273
0490.0280.gif[11] 448 352 1.27273
0490.0280.gif 448 352 1.27273
0490.0280.gif 448 352 1.27273
0490.0280.gif 448 352 1.27273
0490.0280.gif 448 352 1.27273
0490.0280.gif 448 352 1.27273
0490.0280.gif 448 352 1.27273
0490.0280.gif 448 352 1.27273
0490.0280.gif 448 352 1.27273
0490.0280.gif 448 352 1.27273
0490.0280.gif 448 352 1.27273
0420.0240.gif[10] 384 312 1.23077
0420.0240.gif[11] 384 312 1.23077
0420.0240.gif 384 312 1.23077
0420.0240.gif 384 312 1.23077
0420.0240.gif 384 312 1.23077
0420.0240.gif 384 312 1.23077
0420.0240.gif 384 312 1.23077
0420.0240.gif 384 312 1.23077
0420.0240.gif 384 312 1.23077
0420.0240.gif 384 312 1.23077
0420.0240.gif 384 312 1.23077
0420.0240.gif 384 312 1.23077
0240.0240.gif[10] 240 312 0.769231
0240.0240.gif[11] 240 312 0.769231
0240.0240.gif 240 312 0.769231
0240.0240.gif 240 312 0.769231
0240.0240.gif 240 312 0.769231
0240.0240.gif 240 312 0.769231
0240.0240.gif 240 312 0.769231
0240.0240.gif 240 312 0.769231
0240.0240.gif 240 312 0.769231
0240.0240.gif 240 312 0.769231
0240.0240.gif 240 312 0.769231
0240.0240.gif 240 312 0.769231
0180.0220.gif[10] 180 292 0.616438
0180.0220.gif[11] 180 292 0.616438
0180.0220.gif 180 292 0.616438
0180.0220.gif 180 292 0.616438
0180.0220.gif 180 292 0.616438
0180.0220.gif 180 292 0.616438
0180.0220.gif 180 292 0.616438
0180.0220.gif 180 292 0.616438
0180.0220.gif 180 292 0.616438
0180.0220.gif 180 292 0.616438
0180.0220.gif 180 292 0.616438
0180.0220.gif 180 292 0.616438
