0000.jpg 992 1080 0.918519
0001.jpg 992 1080 0.918519
0002.jpg 992 1080 0.918519
0003.jpg 992 1080 0.918519
0004.jpg 992 1080 0.918519
0005.jpg 992 1080 0.918519
0006.jpg 992 1080 0.918519
0007.jpg 992 1080 0.918519
0008.jpg 992 1080 0.918519
0009.jpg 992 1080 0.918519
0010.jpg 992 1080 0.918519
0011.jpg 992 1080 0.918519
0012.jpg 992 1080 0.918519
0013.jpg 992 1080 0.918519
0014.jpg 992 1080 0.918519
0015.jpg 992 1080 0.918519
0016.jpg 992 1080 0.918519
0017.jpg 992 1080 0.918519
0018.jpg 992 1080 0.918519
0019.jpg 992 1080 0.918519
0020.jpg 992 1080 0.918519
0021.jpg 992 1080 0.918519
0022.jpg 992 1080 0.918519
0023.jpg 992 1080 0.918519
0024.jpg 992 1080 0.918519
0025.jpg 992 1080 0.918519
0026.jpg 992 1080 0.918519
0027.jpg 992 1080 0.918519
0028.jpg 992 1080 0.918519
0029.jpg 992 1080 0.918519
0030.jpg 992 1080 0.918519
0031.jpg 992 1080 0.918519
0032.jpg 992 1080 0.918519
0033.jpg 992 1080 0.918519
0034.jpg 992 1080 0.918519
0035.jpg 992 1080 0.918519
0036.jpg 992 1080 0.918519
0037.jpg 992 1080 0.918519
0038.jpg 992 1080 0.918519
0039.jpg 992 1080 0.918519
0040.jpg 992 1080 0.918519
0041.jpg 992 1080 0.918519
0042.jpg 992 1080 0.918519
0043.jpg 992 1080 0.918519
0044.jpg 992 1080 0.918519
