0000.jpg 785 1080 0.726852
0001.jpg 785 1080 0.726852
0002.jpg 785 1080 0.726852
0003.jpg 785 1080 0.726852
0004.jpg 785 1080 0.726852
0005.jpg 785 1080 0.726852
0006.jpg 785 1080 0.726852
0007.jpg 785 1080 0.726852
0008.jpg 785 1080 0.726852
0009.jpg 785 1080 0.726852
0010.jpg 785 1080 0.726852
0011.jpg 785 1080 0.726852
0012.jpg 785 1080 0.726852
0013.jpg 785 1080 0.726852
0014.jpg 785 1080 0.726852
0015.jpg 785 1080 0.726852
0016.jpg 785 1080 0.726852
0017.jpg 785 1080 0.726852
0018.jpg 785 1080 0.726852
0019.jpg 785 1080 0.726852
0020.jpg 785 1080 0.726852
0021.jpg 785 1080 0.726852
0022.jpg 785 1080 0.726852
0023.jpg 785 1080 0.726852
0024.jpg 785 1080 0.726852
0025.jpg 785 1080 0.726852
0026.jpg 785 1080 0.726852
0027.jpg 785 1080 0.726852
0028.jpg 785 1080 0.726852
0029.jpg 785 1080 0.726852
0030.jpg 785 1080 0.726852
0031.jpg 785 1080 0.726852
0032.jpg 785 1080 0.726852
0033.jpg 785 1080 0.726852
0034.jpg 785 1080 0.726852
0035.jpg 785 1080 0.726852
