0000.jpg 800 1080 0.740741
0001.jpg 800 1080 0.740741
0002.jpg 800 1080 0.740741
0003.jpg 800 1080 0.740741
0004.jpg 800 1080 0.740741
0005.jpg 800 1080 0.740741
0006.jpg 800 1080 0.740741
0007.jpg 800 1080 0.740741
0008.jpg 800 1080 0.740741
0009.jpg 800 1080 0.740741
0010.jpg 800 1080 0.740741
0011.jpg 800 1080 0.740741
0012.jpg 800 1080 0.740741
0013.jpg 800 1080 0.740741
0014.jpg 800 1080 0.740741
0015.jpg 800 1080 0.740741
0016.jpg 800 1080 0.740741
0017.jpg 800 1080 0.740741
0018.jpg 800 1080 0.740741
0019.jpg 800 1080 0.740741
0020.jpg 800 1080 0.740741
0021.jpg 800 1080 0.740741
0022.jpg 800 1080 0.740741
0023.jpg 800 1080 0.740741
0024.jpg 800 1080 0.740741
0025.jpg 800 1080 0.740741
0026.jpg 800 1080 0.740741
0027.jpg 800 1080 0.740741
0028.jpg 800 1080 0.740741
0029.jpg 800 1080 0.740741
0030.jpg 800 1080 0.740741
0031.jpg 800 1080 0.740741
0032.jpg 800 1080 0.740741
0033.jpg 800 1080 0.740741
0034.jpg 800 1080 0.740741
0035.jpg 800 1080 0.740741
0036.jpg 800 1080 0.740741
0037.jpg 800 1080 0.740741
0038.jpg 800 1080 0.740741
0039.jpg 800 1080 0.740741
0040.jpg 800 1080 0.740741
0041.jpg 800 1080 0.740741
0042.jpg 800 1080 0.740741
0043.jpg 800 1080 0.740741
0044.jpg 800 1080 0.740741
0045.jpg 800 1080 0.740741
0046.jpg 800 1080 0.740741
0047.jpg 800 1080 0.740741
0048.jpg 800 1080 0.740741
0049.jpg 800 1080 0.740741
0050.jpg 800 1080 0.740741
0051.jpg 800 1080 0.740741
0052.jpg 800 1080 0.740741
0053.jpg 800 1080 0.740741
0054.jpg 800 1080 0.740741
0055.jpg 800 1080 0.740741
0056.jpg 800 1080 0.740741
0057.jpg 800 1080 0.740741
0058.jpg 800 1080 0.740741
0059.jpg 800 1080 0.740741
0060.jpg 800 1080 0.740741
0061.jpg 800 1080 0.740741
0062.jpg 800 1080 0.740741
0063.jpg 800 1080 0.740741
0064.jpg 800 1080 0.740741
0065.jpg 800 1080 0.740741
0066.jpg 800 1080 0.740741
0067.jpg 800 1080 0.740741
0068.jpg 800 1080 0.740741
0069.jpg 800 1080 0.740741
0070.jpg 800 1080 0.740741
0071.jpg 800 1080 0.740741
