0000.jpg 1360 1080 1.25926
0001.jpg 1360 1080 1.25926
0002.jpg 1360 1080 1.25926
0003.jpg 1360 1080 1.25926
0004.jpg 1360 1080 1.25926
0005.jpg 1360 1080 1.25926
0006.jpg 1360 1080 1.25926
0007.jpg 1360 1080 1.25926
0008.jpg 1360 1080 1.25926
0009.jpg 1360 1080 1.25926
0010.jpg 1360 1080 1.25926
0011.jpg 1360 1080 1.25926
0012.jpg 1360 1080 1.25926
0013.jpg 1360 1080 1.25926
0014.jpg 1360 1080 1.25926
0015.jpg 1360 1080 1.25926
0016.jpg 1360 1080 1.25926
0017.jpg 1360 1080 1.25926
0018.jpg 1360 1080 1.25926
0019.jpg 1360 1080 1.25926
0020.jpg 1360 1080 1.25926
0021.jpg 1360 1080 1.25926
0022.jpg 1360 1080 1.25926
0023.jpg 1360 1080 1.25926
0024.jpg 1360 1080 1.25926
0025.jpg 1360 1080 1.25926
0026.jpg 1360 1080 1.25926
0027.jpg 1360 1080 1.25926
0028.jpg 1360 1080 1.25926
0029.jpg 1360 1080 1.25926
0030.jpg 1360 1080 1.25926
0031.jpg 1360 1080 1.25926
0032.jpg 1360 1080 1.25926
0033.jpg 1360 1080 1.25926
0034.jpg 1360 1080 1.25926
0035.jpg 1360 1080 1.25926
