0000.jpg 1920 1080 1.77778
0001.jpg 1920 1080 1.77778
0002.jpg 1920 1080 1.77778
0003.jpg 1920 1080 1.77778
0004.jpg 1920 1080 1.77778
0005.jpg 1920 1080 1.77778
0006.jpg 1920 1080 1.77778
0007.jpg 1920 1080 1.77778
0008.jpg 1920 1080 1.77778
0009.jpg 1920 1080 1.77778
0010.jpg 1920 1080 1.77778
0011.jpg 1920 1080 1.77778
0012.jpg 1920 1080 1.77778
0013.jpg 1920 1080 1.77778
0014.jpg 1920 1080 1.77778
0015.jpg 1920 1080 1.77778
0016.jpg 1920 1080 1.77778
0017.jpg 1920 1080 1.77778
0018.jpg 1920 1080 1.77778
0019.jpg 1920 1080 1.77778
0020.jpg 1920 1080 1.77778
0021.jpg 1920 1080 1.77778
0022.jpg 1920 1080 1.77778
0023.jpg 1920 1080 1.77778
0024.jpg 1920 1080 1.77778
0025.jpg 1920 1080 1.77778
0026.jpg 1920 1080 1.77778
0027.jpg 1920 1080 1.77778
0028.jpg 1920 1080 1.77778
0029.jpg 1920 1080 1.77778
0030.jpg 1920 1080 1.77778
0031.jpg 1920 1080 1.77778
0032.jpg 1920 1080 1.77778
0033.jpg 1920 1080 1.77778
0034.jpg 1920 1080 1.77778
0035.jpg 1920 1080 1.77778
0036.jpg 1920 1080 1.77778
0037.jpg 1920 1080 1.77778
0038.jpg 1920 1080 1.77778
0039.jpg 1920 1080 1.77778
0040.jpg 1920 1080 1.77778
0041.jpg 1920 1080 1.77778
0042.jpg 1920 1080 1.77778
0043.jpg 1920 1080 1.77778
0044.jpg 1920 1080 1.77778
0045.jpg 1920 1080 1.77778
0046.jpg 1920 1080 1.77778
0047.jpg 1920 1080 1.77778
0048.jpg 1920 1080 1.77778
0049.jpg 1920 1080 1.77778
0050.jpg 1920 1080 1.77778
0051.jpg 1920 1080 1.77778
0052.jpg 1920 1080 1.77778
0053.jpg 1920 1080 1.77778
0054.jpg 1920 1080 1.77778
0055.jpg 1920 1080 1.77778
0056.jpg 1920 1080 1.77778
0057.jpg 1920 1080 1.77778
0058.jpg 1920 1080 1.77778
0059.jpg 1920 1080 1.77778
0060.jpg 1920 1080 1.77778
0061.jpg 1920 1080 1.77778
0062.jpg 1920 1080 1.77778
0063.jpg 1920 1080 1.77778
0064.jpg 1920 1080 1.77778
0065.jpg 1920 1080 1.77778
0066.jpg 1920 1080 1.77778
0067.jpg 1920 1080 1.77778
0068.jpg 1920 1080 1.77778
0069.jpg 1920 1080 1.77778
0070.jpg 1920 1080 1.77778
0071.jpg 1920 1080 1.77778
