4000.jpg 800 1080 0.740741
4001.jpg 800 1080 0.740741
4002.jpg 800 1080 0.740741
4003.jpg 800 1080 0.740741
4004.jpg 800 1080 0.740741
4005.jpg 800 1080 0.740741
4006.jpg 800 1080 0.740741
4007.jpg 800 1080 0.740741
4008.jpg 800 1080 0.740741
4009.jpg 800 1080 0.740741
4010.jpg 800 1080 0.740741
4011.jpg 800 1080 0.740741
4012.jpg 800 1080 0.740741
4013.jpg 800 1080 0.740741
4014.jpg 800 1080 0.740741
4015.jpg 800 1080 0.740741
4016.jpg 800 1080 0.740741
4017.jpg 800 1080 0.740741
4018.jpg 800 1080 0.740741
4019.jpg 800 1080 0.740741
4020.jpg 800 1080 0.740741
4021.jpg 800 1080 0.740741
4022.jpg 800 1080 0.740741
4023.jpg 800 1080 0.740741
4024.jpg 800 1080 0.740741
4025.jpg 800 1080 0.740741
4026.jpg 800 1080 0.740741
4027.jpg 800 1080 0.740741
4028.jpg 800 1080 0.740741
4029.jpg 800 1080 0.740741
4030.jpg 800 1080 0.740741
4031.jpg 800 1080 0.740741
4032.jpg 800 1080 0.740741
4033.jpg 800 1080 0.740741
4034.jpg 800 1080 0.740741
4035.jpg 800 1080 0.740741
4036.jpg 800 1080 0.740741
4037.jpg 800 1080 0.740741
4038.jpg 800 1080 0.740741
4039.jpg 800 1080 0.740741
4040.jpg 800 1080 0.740741
4041.jpg 800 1080 0.740741
4042.jpg 800 1080 0.740741
4043.jpg 800 1080 0.740741
4044.jpg 800 1080 0.740741
4045.jpg 800 1080 0.740741
4046.jpg 800 1080 0.740741
4047.jpg 800 1080 0.740741
4048.jpg 800 1080 0.740741
4049.jpg 800 1080 0.740741
4050.jpg 800 1080 0.740741
4051.jpg 800 1080 0.740741
4052.jpg 800 1080 0.740741
4053.jpg 800 1080 0.740741
4054.jpg 800 1080 0.740741
4055.jpg 800 1080 0.740741
4056.jpg 800 1080 0.740741
4057.jpg 800 1080 0.740741
4058.jpg 800 1080 0.740741
4059.jpg 800 1080 0.740741
4060.jpg 800 1080 0.740741
4061.jpg 800 1080 0.740741
4062.jpg 800 1080 0.740741
4063.jpg 800 1080 0.740741
4064.jpg 800 1080 0.740741
4065.jpg 800 1080 0.740741
4066.jpg 800 1080 0.740741
4067.jpg 800 1080 0.740741
4068.jpg 800 1080 0.740741
4069.jpg 800 1080 0.740741
4070.jpg 800 1080 0.740741
4071.jpg 800 1080 0.740741
