4017.jpg 774 1080 0.716667
4015.jpg 773 1080 0.715741
4026.jpg 772 1080 0.714815
4042.jpg 770 1080 0.712963
4048.jpg 769 1080 0.712037
4047.jpg 766 1080 0.709259
4058.jpg 766 1080 0.709259
4040.jpg 764 1080 0.707407
4045.jpg 764 1080 0.707407
4037.jpg 763 1080 0.706481
4009.jpg 762 1080 0.705556
4016.jpg 762 1080 0.705556
4024.jpg 762 1080 0.705556
4069.jpg 760 1080 0.703704
4043.jpg 757 1080 0.700926
4071.jpg 751 1080 0.69537
4010.jpg 750 1080 0.694444
4023.jpg 748 1080 0.692593
4018.jpg 746 1080 0.690741
4057.jpg 746 1080 0.690741
4003.jpg 744 1080 0.688889
4011.jpg 744 1080 0.688889
4068.jpg 739 1080 0.684259
4008.jpg 735 1080 0.680556
4020.jpg 733 1080 0.678704
4004.jpg 730 1080 0.675926
4027.jpg 726 1080 0.672222
4028.jpg 725 1080 0.671296
4001.jpg 712 1080 0.659259
4029.jpg 712 1080 0.659259
4049.jpg 712 1080 0.659259
4007.jpg 709 1080 0.656481
4035.jpg 709 1080 0.656481
4044.jpg 708 1080 0.655556
4012.jpg 707 1080 0.65463
4064.jpg 707 1080 0.65463
4046.jpg 704 1080 0.651852
4014.jpg 703 1080 0.650926
4025.jpg 703 1080 0.650926
4036.jpg 703 1080 0.650926
4013.jpg 702 1080 0.65
4031.jpg 699 1080 0.647222
4062.jpg 697 1080 0.64537
4052.jpg 694 1080 0.642593
4038.jpg 691 1080 0.639815
4059.jpg 689 1080 0.637963
4070.jpg 688 1080 0.637037
4055.jpg 686 1080 0.635185
4005.jpg 684 1080 0.633333
4022.jpg 681 1080 0.630556
4000.jpg 679 1080 0.628704
4039.jpg 678 1080 0.627778
4067.jpg 676 1080 0.625926
4051.jpg 674 1080 0.624074
4002.jpg 660 1080 0.611111
4066.jpg 653 1080 0.60463
4053.jpg 643 1080 0.59537
4054.jpg 643 1080 0.59537
4060.jpg 641 1080 0.593519
4006.jpg 639 1080 0.591667
4019.jpg 638 1080 0.590741
4056.jpg 632 1080 0.585185
4034.jpg 631 1080 0.584259
4061.jpg 630 1080 0.583333
4021.jpg 628 1080 0.581481
4063.jpg 627 1080 0.580556
4065.jpg 627 1080 0.580556
4030.jpg 623 1080 0.576852
4033.jpg 617 1080 0.571296
4050.jpg 613 1080 0.567593
4032.jpg 608 1080 0.562963
4041.jpg 603 1080 0.558333
