4000.jpg 8541 1440 5.93125
4001.jpg 8541 1440 5.93125
4002.jpg 8541 1440 5.93125
4003.jpg 8541 1440 5.93125
4004.jpg 8541 1440 5.93125
4005.jpg 8541 1440 5.93125
4006.jpg 8541 1440 5.93125
4007.jpg 8541 1440 5.93125
4008.jpg 8541 1440 5.93125
4009.jpg 8541 1440 5.93125
4010.jpg 8541 1440 5.93125
4011.jpg 8541 1440 5.93125
4012.jpg 8541 1440 5.93125
4013.jpg 8541 1440 5.93125
4014.jpg 8541 1440 5.93125
4015.jpg 8541 1440 5.93125
4016.jpg 8541 1440 5.93125
4017.jpg 8541 1440 5.93125
4018.jpg 8541 1440 5.93125
4019.jpg 8541 1440 5.93125
4020.jpg 8541 1440 5.93125
