4042.jpg 1053 1080 0.975
4018.jpg 960 1080 0.888889
4008.jpg 944 1080 0.874074
4062.jpg 941 1080 0.871296
4009.jpg 912 1080 0.844444
4055.jpg 908 1080 0.840741
4033.jpg 896 1080 0.82963
4014.jpg 894 1080 0.827778
4026.jpg 894 1080 0.827778
4034.jpg 893 1080 0.826852
4025.jpg 891 1080 0.825
4071.jpg 888 1080 0.822222
4053.jpg 885 1080 0.819444
4024.jpg 883 1080 0.817593
4061.jpg 881 1080 0.815741
4016.jpg 878 1080 0.812963
4000.jpg 874 1080 0.809259
4012.jpg 871 1080 0.806481
4001.jpg 870 1080 0.805556
4023.jpg 870 1080 0.805556
4068.jpg 867 1080 0.802778
4010.jpg 865 1080 0.800926
4002.jpg 863 1080 0.799074
4044.jpg 862 1080 0.798148
4052.jpg 861 1080 0.797222
4030.jpg 859 1080 0.79537
4066.jpg 859 1080 0.79537
4027.jpg 857 1080 0.793519
4063.jpg 857 1080 0.793519
4028.jpg 853 1080 0.789815
4011.jpg 852 1080 0.788889
4050.jpg 848 1080 0.785185
4005.jpg 841 1080 0.778704
4022.jpg 839 1080 0.776852
4020.jpg 837 1080 0.775
4006.jpg 835 1080 0.773148
4048.jpg 835 1080 0.773148
4043.jpg 833 1080 0.771296
4003.jpg 830 1080 0.768519
4013.jpg 830 1080 0.768519
4035.jpg 830 1080 0.768519
4029.jpg 827 1080 0.765741
4045.jpg 826 1080 0.764815
4051.jpg 823 1080 0.762037
4041.jpg 820 1080 0.759259
4069.jpg 817 1080 0.756481
4032.jpg 813 1080 0.752778
4049.jpg 812 1080 0.751852
4007.jpg 807 1080 0.747222
4047.jpg 805 1080 0.74537
4067.jpg 805 1080 0.74537
4057.jpg 799 1080 0.739815
4017.jpg 797 1080 0.737963
4060.jpg 785 1080 0.726852
4056.jpg 783 1080 0.725
4038.jpg 779 1080 0.721296
4059.jpg 779 1080 0.721296
4019.jpg 775 1080 0.717593
4021.jpg 774 1080 0.716667
4046.jpg 765 1080 0.708333
4031.jpg 758 1080 0.701852
4040.jpg 757 1080 0.700926
4004.jpg 752 1080 0.696296
4015.jpg 748 1080 0.692593
4058.jpg 738 1080 0.683333
4036.jpg 722 1080 0.668519
4037.jpg 722 1080 0.668519
4054.jpg 710 1080 0.657407
4039.jpg 709 1080 0.656481
4070.jpg 680 1080 0.62963
4065.jpg 641 1080 0.593519
4064.jpg 635 1080 0.587963
