0000.jpg 1350 1080 1.25
0001.jpg 1350 1080 1.25
0002.jpg 1350 1080 1.25
0003.jpg 1350 1080 1.25
0004.jpg 1350 1080 1.25
0005.jpg 1350 1080 1.25
0006.jpg 1350 1080 1.25
0007.jpg 1350 1080 1.25
0008.jpg 1350 1080 1.25
0009.jpg 1350 1080 1.25
0010.jpg 1350 1080 1.25
0011.jpg 1350 1080 1.25
0012.jpg 1350 1080 1.25
0013.jpg 1350 1080 1.25
0014.jpg 1350 1080 1.25
0015.jpg 1350 1080 1.25
0016.jpg 1350 1080 1.25
0017.jpg 1350 1080 1.25
0018.jpg 1350 1080 1.25
0019.jpg 1350 1080 1.25
0020.jpg 1350 1080 1.25
0021.jpg 1350 1080 1.25
0022.jpg 1350 1080 1.25
0023.jpg 1350 1080 1.25
0024.jpg 1350 1080 1.25
0025.jpg 1350 1080 1.25
0026.jpg 1350 1080 1.25
0027.jpg 1350 1080 1.25
0028.jpg 1350 1080 1.25
0029.jpg 1350 1080 1.25
0030.jpg 1350 1080 1.25
0031.jpg 1350 1080 1.25
0032.jpg 1350 1080 1.25
0033.jpg 1350 1080 1.25
0034.jpg 1350 1080 1.25
0035.jpg 1350 1080 1.25
