0000.jpg 775 1080 0.717593
0001.jpg 775 1080 0.717593
0002.jpg 775 1080 0.717593
0003.jpg 775 1080 0.717593
0004.jpg 775 1080 0.717593
0005.jpg 775 1080 0.717593
0006.jpg 775 1080 0.717593
0007.jpg 775 1080 0.717593
0008.jpg 775 1080 0.717593
0009.jpg 775 1080 0.717593
0010.jpg 775 1080 0.717593
0011.jpg 775 1080 0.717593
0012.jpg 775 1080 0.717593
0013.jpg 775 1080 0.717593
0014.jpg 775 1080 0.717593
0015.jpg 775 1080 0.717593
0016.jpg 775 1080 0.717593
0017.jpg 775 1080 0.717593
0018.jpg 775 1080 0.717593
0019.jpg 775 1080 0.717593
0020.jpg 775 1080 0.717593
0021.jpg 775 1080 0.717593
0022.jpg 775 1080 0.717593
0023.jpg 775 1080 0.717593
0024.jpg 775 1080 0.717593
0025.jpg 775 1080 0.717593
0026.jpg 775 1080 0.717593
0027.jpg 775 1080 0.717593
0028.jpg 775 1080 0.717593
0029.jpg 775 1080 0.717593
0030.jpg 775 1080 0.717593
0031.jpg 775 1080 0.717593
0032.jpg 775 1080 0.717593
0033.jpg 775 1080 0.717593
0034.jpg 775 1080 0.717593
0035.jpg 775 1080 0.717593
