0000.jpg 850 1080 0.787037
0001.jpg 850 1080 0.787037
0002.jpg 850 1080 0.787037
0003.jpg 850 1080 0.787037
0004.jpg 850 1080 0.787037
0005.jpg 850 1080 0.787037
0006.jpg 850 1080 0.787037
0007.jpg 850 1080 0.787037
0008.jpg 850 1080 0.787037
0009.jpg 850 1080 0.787037
0010.jpg 850 1080 0.787037
0011.jpg 850 1080 0.787037
0012.jpg 850 1080 0.787037
0013.jpg 850 1080 0.787037
0014.jpg 850 1080 0.787037
0015.jpg 850 1080 0.787037
0016.jpg 850 1080 0.787037
0017.jpg 850 1080 0.787037
0018.jpg 850 1080 0.787037
0019.jpg 850 1080 0.787037
0020.jpg 850 1080 0.787037
0021.jpg 850 1080 0.787037
0022.jpg 850 1080 0.787037
0023.jpg 850 1080 0.787037
0024.jpg 850 1080 0.787037
0025.jpg 850 1080 0.787037
0026.jpg 850 1080 0.787037
0027.jpg 850 1080 0.787037
0028.jpg 850 1080 0.787037
0029.jpg 850 1080 0.787037
0030.jpg 850 1080 0.787037
0031.jpg 850 1080 0.787037
0032.jpg 850 1080 0.787037
0033.jpg 850 1080 0.787037
0034.jpg 850 1080 0.787037
0035.jpg 850 1080 0.787037
0036.jpg 850 1080 0.787037
0037.jpg 850 1080 0.787037
0038.jpg 850 1080 0.787037
0039.jpg 850 1080 0.787037
0040.jpg 850 1080 0.787037
0041.jpg 850 1080 0.787037
0042.jpg 850 1080 0.787037
0043.jpg 850 1080 0.787037
0044.jpg 850 1080 0.787037
0045.jpg 850 1080 0.787037
0046.jpg 850 1080 0.787037
0047.jpg 850 1080 0.787037
0048.jpg 850 1080 0.787037
0049.jpg 850 1080 0.787037
0050.jpg 850 1080 0.787037
0051.jpg 850 1080 0.787037
0052.jpg 850 1080 0.787037
0053.jpg 850 1080 0.787037
0054.jpg 850 1080 0.787037
0055.jpg 850 1080 0.787037
0056.jpg 850 1080 0.787037
0057.jpg 850 1080 0.787037
0058.jpg 850 1080 0.787037
0059.jpg 850 1080 0.787037
0060.jpg 850 1080 0.787037
0061.jpg 850 1080 0.787037
0062.jpg 850 1080 0.787037
0063.jpg 850 1080 0.787037
0064.jpg 850 1080 0.787037
0065.jpg 850 1080 0.787037
0066.jpg 850 1080 0.787037
0067.jpg 850 1080 0.787037
0068.jpg 850 1080 0.787037
0069.jpg 850 1080 0.787037
0070.jpg 850 1080 0.787037
0071.jpg 850 1080 0.787037
