0000.jpg 1400 1080 1.2963
0001.jpg 1400 1080 1.2963
0002.jpg 1400 1080 1.2963
0003.jpg 1400 1080 1.2963
0004.jpg 1400 1080 1.2963
0005.jpg 1400 1080 1.2963
0006.jpg 1400 1080 1.2963
0007.jpg 1400 1080 1.2963
0008.jpg 1400 1080 1.2963
0009.jpg 1400 1080 1.2963
0010.jpg 1400 1080 1.2963
0011.jpg 1400 1080 1.2963
0012.jpg 1400 1080 1.2963
0013.jpg 1400 1080 1.2963
0014.jpg 1400 1080 1.2963
0015.jpg 1400 1080 1.2963
0016.jpg 1400 1080 1.2963
0017.jpg 1400 1080 1.2963
0018.jpg 1400 1080 1.2963
0019.jpg 1400 1080 1.2963
0020.jpg 1400 1080 1.2963
0021.jpg 1400 1080 1.2963
0022.jpg 1400 1080 1.2963
0023.jpg 1400 1080 1.2963
0024.jpg 1400 1080 1.2963
0025.jpg 1400 1080 1.2963
0026.jpg 1400 1080 1.2963
0027.jpg 1400 1080 1.2963
0028.jpg 1400 1080 1.2963
0029.jpg 1400 1080 1.2963
0030.jpg 1400 1080 1.2963
0031.jpg 1400 1080 1.2963
0032.jpg 1400 1080 1.2963
0033.jpg 1400 1080 1.2963
0034.jpg 1400 1080 1.2963
0035.jpg 1400 1080 1.2963
0036.jpg 1400 1080 1.2963
0037.jpg 1400 1080 1.2963
0038.jpg 1400 1080 1.2963
0039.jpg 1400 1080 1.2963
0040.jpg 1400 1080 1.2963
0041.jpg 1400 1080 1.2963
0042.jpg 1400 1080 1.2963
0043.jpg 1400 1080 1.2963
0044.jpg 1400 1080 1.2963
0045.jpg 1400 1080 1.2963
0046.jpg 1400 1080 1.2963
0047.jpg 1400 1080 1.2963
0048.jpg 1400 1080 1.2963
0049.jpg 1400 1080 1.2963
0050.jpg 1400 1080 1.2963
0051.jpg 1400 1080 1.2963
0052.jpg 1400 1080 1.2963
0053.jpg 1400 1080 1.2963
0054.jpg 1400 1080 1.2963
0055.jpg 1400 1080 1.2963
0056.jpg 1400 1080 1.2963
0057.jpg 1400 1080 1.2963
0058.jpg 1400 1080 1.2963
0059.jpg 1400 1080 1.2963
0060.jpg 1400 1080 1.2963
0061.jpg 1400 1080 1.2963
0062.jpg 1400 1080 1.2963
0063.jpg 1400 1080 1.2963
0064.jpg 1400 1080 1.2963
0065.jpg 1400 1080 1.2963
0066.jpg 1400 1080 1.2963
0067.jpg 1400 1080 1.2963
0068.jpg 1400 1080 1.2963
0069.jpg 1400 1080 1.2963
0070.jpg 1400 1080 1.2963
0071.jpg 1400 1080 1.2963
0072.jpg 1400 1080 1.2963
0073.jpg 1400 1080 1.2963
0074.jpg 1400 1080 1.2963
0075.jpg 1400 1080 1.2963
0076.jpg 1400 1080 1.2963
0077.jpg 1400 1080 1.2963
0078.jpg 1400 1080 1.2963
0079.jpg 1400 1080 1.2963
0080.jpg 1400 1080 1.2963
0081.jpg 1400 1080 1.2963
0082.jpg 1400 1080 1.2963
0083.jpg 1400 1080 1.2963
0084.jpg 1400 1080 1.2963
0085.jpg 1400 1080 1.2963
0086.jpg 1400 1080 1.2963
0087.jpg 1400 1080 1.2963
0088.jpg 1400 1080 1.2963
0089.jpg 1400 1080 1.2963
0090.jpg 1400 1080 1.2963
0091.jpg 1400 1080 1.2963
0092.jpg 1400 1080 1.2963
0093.jpg 1400 1080 1.2963
0094.jpg 1400 1080 1.2963
0095.jpg 1400 1080 1.2963
0096.jpg 1400 1080 1.2963
0097.jpg 1400 1080 1.2963
0098.jpg 1400 1080 1.2963
0099.jpg 1400 1080 1.2963
0100.jpg 1400 1080 1.2963
0101.jpg 1400 1080 1.2963
0102.jpg 1400 1080 1.2963
0103.jpg 1400 1080 1.2963
0104.jpg 1400 1080 1.2963
0105.jpg 1400 1080 1.2963
0106.jpg 1400 1080 1.2963
0107.jpg 1400 1080 1.2963
0108.jpg 1400 1080 1.2963
0109.jpg 1400 1080 1.2963
0110.jpg 1400 1080 1.2963
0111.jpg 1400 1080 1.2963
0112.jpg 1400 1080 1.2963
0113.jpg 1400 1080 1.2963
0114.jpg 1400 1080 1.2963
0115.jpg 1400 1080 1.2963
0116.jpg 1400 1080 1.2963
0117.jpg 1400 1080 1.2963
0118.jpg 1400 1080 1.2963
0119.jpg 1400 1080 1.2963
0120.jpg 1400 1080 1.2963
0121.jpg 1400 1080 1.2963
0122.jpg 1400 1080 1.2963
0123.jpg 1400 1080 1.2963
0124.jpg 1400 1080 1.2963
0125.jpg 1400 1080 1.2963
0126.jpg 1400 1080 1.2963
0127.jpg 1400 1080 1.2963
0128.jpg 1400 1080 1.2963
0129.jpg 1400 1080 1.2963
0130.jpg 1400 1080 1.2963
0131.jpg 1400 1080 1.2963
0132.jpg 1400 1080 1.2963
0133.jpg 1400 1080 1.2963
0134.jpg 1400 1080 1.2963
0135.jpg 1400 1080 1.2963
0136.jpg 1400 1080 1.2963
0137.jpg 1400 1080 1.2963
0138.jpg 1400 1080 1.2963
0139.jpg 1400 1080 1.2963
0140.jpg 1400 1080 1.2963
0141.jpg 1400 1080 1.2963
0142.jpg 1400 1080 1.2963
0143.jpg 1400 1080 1.2963
