0000.jpg 1200 1080 1.11111
0001.jpg 1200 1080 1.11111
0002.jpg 1200 1080 1.11111
0003.jpg 1200 1080 1.11111
0004.jpg 1200 1080 1.11111
0005.jpg 1200 1080 1.11111
0006.jpg 1200 1080 1.11111
0007.jpg 1200 1080 1.11111
0008.jpg 1200 1080 1.11111
0009.jpg 1200 1080 1.11111
0010.jpg 1200 1080 1.11111
0011.jpg 1200 1080 1.11111
0012.jpg 1200 1080 1.11111
0013.jpg 1200 1080 1.11111
0014.jpg 1200 1080 1.11111
0015.jpg 1200 1080 1.11111
0016.jpg 1200 1080 1.11111
0017.jpg 1200 1080 1.11111
0018.jpg 1200 1080 1.11111
0019.jpg 1200 1080 1.11111
0020.jpg 1200 1080 1.11111
0021.jpg 1200 1080 1.11111
0022.jpg 1200 1080 1.11111
0023.jpg 1200 1080 1.11111
0024.jpg 1200 1080 1.11111
0025.jpg 1200 1080 1.11111
0026.jpg 1200 1080 1.11111
0027.jpg 1200 1080 1.11111
0028.jpg 1200 1080 1.11111
0029.jpg 1200 1080 1.11111
0030.jpg 1200 1080 1.11111
0031.jpg 1200 1080 1.11111
0032.jpg 1200 1080 1.11111
0033.jpg 1200 1080 1.11111
0034.jpg 1200 1080 1.11111
0035.jpg 1200 1080 1.11111
0036.jpg 1200 1080 1.11111
0037.jpg 1200 1080 1.11111
0038.jpg 1200 1080 1.11111
0039.jpg 1200 1080 1.11111
0040.jpg 1200 1080 1.11111
0041.jpg 1200 1080 1.11111
0042.jpg 1200 1080 1.11111
0043.jpg 1200 1080 1.11111
0044.jpg 1200 1080 1.11111
0045.jpg 1200 1080 1.11111
0046.jpg 1200 1080 1.11111
0047.jpg 1200 1080 1.11111
0048.jpg 1200 1080 1.11111
0049.jpg 1200 1080 1.11111
0050.jpg 1200 1080 1.11111
0051.jpg 1200 1080 1.11111
0052.jpg 1200 1080 1.11111
0053.jpg 1200 1080 1.11111
0054.jpg 1200 1080 1.11111
0055.jpg 1200 1080 1.11111
0056.jpg 1200 1080 1.11111
0057.jpg 1200 1080 1.11111
0058.jpg 1200 1080 1.11111
0059.jpg 1200 1080 1.11111
0060.jpg 1200 1080 1.11111
0061.jpg 1200 1080 1.11111
0062.jpg 1200 1080 1.11111
0063.jpg 1200 1080 1.11111
0064.jpg 1200 1080 1.11111
0065.jpg 1200 1080 1.11111
0066.jpg 1200 1080 1.11111
0067.jpg 1200 1080 1.11111
0068.jpg 1200 1080 1.11111
0069.jpg 1200 1080 1.11111
0070.jpg 1200 1080 1.11111
0071.jpg 1200 1080 1.11111
0072.jpg 1200 1080 1.11111
0073.jpg 1200 1080 1.11111
0074.jpg 1200 1080 1.11111
0075.jpg 1200 1080 1.11111
0076.jpg 1200 1080 1.11111
0077.jpg 1200 1080 1.11111
0078.jpg 1200 1080 1.11111
0079.jpg 1200 1080 1.11111
0080.jpg 1200 1080 1.11111
0081.jpg 1200 1080 1.11111
0082.jpg 1200 1080 1.11111
0083.jpg 1200 1080 1.11111
0084.jpg 1200 1080 1.11111
0085.jpg 1200 1080 1.11111
0086.jpg 1200 1080 1.11111
0087.jpg 1200 1080 1.11111
0088.jpg 1200 1080 1.11111
0089.jpg 1200 1080 1.11111
0090.jpg 1200 1080 1.11111
0091.jpg 1200 1080 1.11111
0092.jpg 1200 1080 1.11111
0093.jpg 1200 1080 1.11111
0094.jpg 1200 1080 1.11111
0095.jpg 1200 1080 1.11111
0096.jpg 1200 1080 1.11111
0097.jpg 1200 1080 1.11111
0098.jpg 1200 1080 1.11111
0099.jpg 1200 1080 1.11111
0100.jpg 1200 1080 1.11111
0101.jpg 1200 1080 1.11111
0102.jpg 1200 1080 1.11111
0103.jpg 1200 1080 1.11111
0104.jpg 1200 1080 1.11111
0105.jpg 1200 1080 1.11111
0106.jpg 1200 1080 1.11111
0107.jpg 1200 1080 1.11111
0108.jpg 1200 1080 1.11111
0109.jpg 1200 1080 1.11111
0110.jpg 1200 1080 1.11111
0111.jpg 1200 1080 1.11111
0112.jpg 1200 1080 1.11111
0113.jpg 1200 1080 1.11111
0114.jpg 1200 1080 1.11111
0115.jpg 1200 1080 1.11111
0116.jpg 1200 1080 1.11111
0117.jpg 1200 1080 1.11111
0118.jpg 1200 1080 1.11111
0119.jpg 1200 1080 1.11111
0120.jpg 1200 1080 1.11111
0121.jpg 1200 1080 1.11111
0122.jpg 1200 1080 1.11111
0123.jpg 1200 1080 1.11111
0124.jpg 1200 1080 1.11111
0125.jpg 1200 1080 1.11111
0126.jpg 1200 1080 1.11111
0127.jpg 1200 1080 1.11111
0128.jpg 1200 1080 1.11111
0129.jpg 1200 1080 1.11111
0130.jpg 1200 1080 1.11111
0131.jpg 1200 1080 1.11111
0132.jpg 1200 1080 1.11111
0133.jpg 1200 1080 1.11111
0134.jpg 1200 1080 1.11111
0135.jpg 1200 1080 1.11111
0136.jpg 1200 1080 1.11111
0137.jpg 1200 1080 1.11111
0138.jpg 1200 1080 1.11111
0139.jpg 1200 1080 1.11111
0140.jpg 1200 1080 1.11111
0141.jpg 1200 1080 1.11111
0142.jpg 1200 1080 1.11111
0143.jpg 1200 1080 1.11111
