4000.jpg 6174 720 8.575
4001.jpg 6174 720 8.575
4002.jpg 6174 720 8.575
4003.jpg 6174 720 8.575
4004.jpg 6174 720 8.575
4005.jpg 6174 720 8.575
4006.jpg 6174 720 8.575
4007.jpg 6174 720 8.575
4008.jpg 6174 720 8.575
4009.jpg 6174 720 8.575
4010.jpg 6174 720 8.575
4011.jpg 6174 720 8.575
4012.jpg 6174 720 8.575
4013.jpg 6174 720 8.575
4014.jpg 6174 720 8.575
4015.jpg 6174 720 8.575
4016.jpg 6174 720 8.575
4017.jpg 6174 720 8.575
4018.jpg 6174 720 8.575
4019.jpg 6174 720 8.575
4020.jpg 6174 720 8.575
4021.jpg 6174 720 8.575
4022.jpg 6174 720 8.575
4023.jpg 6174 720 8.575
