4000.jpg 900 1080 0.833333
4001.jpg 900 1080 0.833333
4002.jpg 900 1080 0.833333
4003.jpg 900 1080 0.833333
4004.jpg 900 1080 0.833333
4005.jpg 900 1080 0.833333
4006.jpg 900 1080 0.833333
4007.jpg 900 1080 0.833333
4008.jpg 900 1080 0.833333
4009.jpg 900 1080 0.833333
4010.jpg 900 1080 0.833333
4011.jpg 900 1080 0.833333
4012.jpg 900 1080 0.833333
4013.jpg 900 1080 0.833333
4014.jpg 900 1080 0.833333
4015.jpg 900 1080 0.833333
4016.jpg 900 1080 0.833333
4017.jpg 900 1080 0.833333
4018.jpg 900 1080 0.833333
4019.jpg 900 1080 0.833333
4020.jpg 900 1080 0.833333
4021.jpg 900 1080 0.833333
4022.jpg 900 1080 0.833333
4023.jpg 900 1080 0.833333
4024.jpg 900 1080 0.833333
4025.jpg 900 1080 0.833333
4026.jpg 900 1080 0.833333
4027.jpg 900 1080 0.833333
4028.jpg 900 1080 0.833333
4029.jpg 900 1080 0.833333
4030.jpg 900 1080 0.833333
4031.jpg 900 1080 0.833333
4032.jpg 900 1080 0.833333
4033.jpg 900 1080 0.833333
4034.jpg 900 1080 0.833333
4035.jpg 900 1080 0.833333
4036.jpg 900 1080 0.833333
4037.jpg 900 1080 0.833333
4038.jpg 900 1080 0.833333
4039.jpg 900 1080 0.833333
4040.jpg 900 1080 0.833333
4041.jpg 900 1080 0.833333
4042.jpg 900 1080 0.833333
4043.jpg 900 1080 0.833333
4044.jpg 900 1080 0.833333
4045.jpg 900 1080 0.833333
4046.jpg 900 1080 0.833333
4047.jpg 900 1080 0.833333
4048.jpg 900 1080 0.833333
4049.jpg 900 1080 0.833333
4050.jpg 900 1080 0.833333
4051.jpg 900 1080 0.833333
4052.jpg 900 1080 0.833333
4053.jpg 900 1080 0.833333
4054.jpg 900 1080 0.833333
4055.jpg 900 1080 0.833333
4056.jpg 900 1080 0.833333
4057.jpg 900 1080 0.833333
4058.jpg 900 1080 0.833333
4059.jpg 900 1080 0.833333
4060.jpg 900 1080 0.833333
4061.jpg 900 1080 0.833333
4062.jpg 900 1080 0.833333
4063.jpg 900 1080 0.833333
4064.jpg 900 1080 0.833333
4065.jpg 900 1080 0.833333
4066.jpg 900 1080 0.833333
4067.jpg 900 1080 0.833333
4068.jpg 900 1080 0.833333
4069.jpg 900 1080 0.833333
4070.jpg 900 1080 0.833333
4071.jpg 900 1080 0.833333
