4000.jpg 10240 1080 9.48148
4001.jpg 10240 1080 9.48148
4002.jpg 10240 1080 9.48148
4003.jpg 10240 1080 9.48148
4004.jpg 10240 1080 9.48148
4005.jpg 10240 1080 9.48148
4006.jpg 10240 1080 9.48148
4007.jpg 10240 1080 9.48148
4008.jpg 10240 1080 9.48148
4009.jpg 10240 1080 9.48148
4010.jpg 10240 1080 9.48148
4011.jpg 10240 1080 9.48148
4012.jpg 10240 1080 9.48148
4013.jpg 10240 1080 9.48148
4014.jpg 10240 1080 9.48148
4015.jpg 10240 1080 9.48148
4016.jpg 10240 1080 9.48148
4017.jpg 10240 1080 9.48148
4018.jpg 10240 1080 9.48148
4019.jpg 10240 1080 9.48148
4020.jpg 10240 1080 9.48148
4021.jpg 10240 1080 9.48148
4022.jpg 10240 1080 9.48148
4023.jpg 10240 1080 9.48148
4024.jpg 10240 1080 9.48148
4025.jpg 10240 1080 9.48148
4026.jpg 10240 1080 9.48148
4027.jpg 10240 1080 9.48148
4028.jpg 10240 1080 9.48148
4029.jpg 10240 1080 9.48148
4030.jpg 10240 1080 9.48148
4031.jpg 10240 1080 9.48148
4032.jpg 10240 1080 9.48148
4033.jpg 10240 1080 9.48148
4034.jpg 10240 1080 9.48148
4035.jpg 10240 1080 9.48148
4036.jpg 10240 1080 9.48148
4037.jpg 10240 1080 9.48148
4038.jpg 10240 1080 9.48148
4039.jpg 10240 1080 9.48148
4040.jpg 10240 1080 9.48148
4041.jpg 10240 1080 9.48148
4042.jpg 10240 1080 9.48148
4043.jpg 10240 1080 9.48148
4044.jpg 10240 1080 9.48148
4045.jpg 10240 1080 9.48148
4046.jpg 10240 1080 9.48148
4047.jpg 10240 1080 9.48148
4048.jpg 10240 1080 9.48148
4049.jpg 10240 1080 9.48148
4050.jpg 10240 1080 9.48148
4051.jpg 10240 1080 9.48148
