0000.jpg 678 1080 0.627778
0001.jpg 678 1080 0.627778
0002.jpg 678 1080 0.627778
0003.jpg 678 1080 0.627778
0004.jpg 678 1080 0.627778
0005.jpg 678 1080 0.627778
0006.jpg 678 1080 0.627778
0007.jpg 678 1080 0.627778
0008.jpg 678 1080 0.627778
0009.jpg 678 1080 0.627778
0010.jpg 678 1080 0.627778
0011.jpg 678 1080 0.627778
0012.jpg 678 1080 0.627778
0013.jpg 678 1080 0.627778
0014.jpg 678 1080 0.627778
0015.jpg 678 1080 0.627778
0016.jpg 678 1080 0.627778
0017.jpg 678 1080 0.627778
0018.jpg 678 1080 0.627778
0019.jpg 678 1080 0.627778
0020.jpg 678 1080 0.627778
0021.jpg 678 1080 0.627778
0022.jpg 678 1080 0.627778
0023.jpg 678 1080 0.627778
0024.jpg 678 1080 0.627778
0025.jpg 678 1080 0.627778
0026.jpg 678 1080 0.627778
0027.jpg 678 1080 0.627778
0028.jpg 678 1080 0.627778
0029.jpg 678 1080 0.627778
0030.jpg 678 1080 0.627778
0031.jpg 678 1080 0.627778
0032.jpg 678 1080 0.627778
0033.jpg 678 1080 0.627778
0034.jpg 678 1080 0.627778
0035.jpg 678 1080 0.627778
