0000.jpg 1300 1080 1.2037
0001.jpg 1300 1080 1.2037
0002.jpg 1300 1080 1.2037
0003.jpg 1300 1080 1.2037
0004.jpg 1300 1080 1.2037
0005.jpg 1300 1080 1.2037
0006.jpg 1300 1080 1.2037
0007.jpg 1300 1080 1.2037
0008.jpg 1300 1080 1.2037
0009.jpg 1300 1080 1.2037
0010.jpg 1300 1080 1.2037
0011.jpg 1300 1080 1.2037
0012.jpg 1300 1080 1.2037
0013.jpg 1300 1080 1.2037
0014.jpg 1300 1080 1.2037
0015.jpg 1300 1080 1.2037
0016.jpg 1300 1080 1.2037
0017.jpg 1300 1080 1.2037
0018.jpg 1300 1080 1.2037
0019.jpg 1300 1080 1.2037
0020.jpg 1300 1080 1.2037
0021.jpg 1300 1080 1.2037
0022.jpg 1300 1080 1.2037
0023.jpg 1300 1080 1.2037
0024.jpg 1300 1080 1.2037
0025.jpg 1300 1080 1.2037
0026.jpg 1300 1080 1.2037
0027.jpg 1300 1080 1.2037
0028.jpg 1300 1080 1.2037
0029.jpg 1300 1080 1.2037
0030.jpg 1300 1080 1.2037
0031.jpg 1300 1080 1.2037
0032.jpg 1300 1080 1.2037
0033.jpg 1300 1080 1.2037
0034.jpg 1300 1080 1.2037
0035.jpg 1300 1080 1.2037
