4000.jpg 1013 1080 0.937963
4001.jpg 1013 1080 0.937963
4002.jpg 1013 1080 0.937963
4003.jpg 1013 1080 0.937963
4004.jpg 1013 1080 0.937963
4005.jpg 1013 1080 0.937963
4006.jpg 1013 1080 0.937963
4007.jpg 1013 1080 0.937963
4008.jpg 1013 1080 0.937963
4009.jpg 1013 1080 0.937963
4010.jpg 1013 1080 0.937963
4011.jpg 1013 1080 0.937963
4012.jpg 1013 1080 0.937963
4013.jpg 1013 1080 0.937963
4014.jpg 1013 1080 0.937963
4015.jpg 1013 1080 0.937963
4016.jpg 1013 1080 0.937963
4017.jpg 1013 1080 0.937963
4018.jpg 1013 1080 0.937963
4019.jpg 1013 1080 0.937963
4020.jpg 1013 1080 0.937963
4021.jpg 1013 1080 0.937963
4022.jpg 1013 1080 0.937963
4023.jpg 1013 1080 0.937963
4024.jpg 1013 1080 0.937963
4025.jpg 1013 1080 0.937963
4026.jpg 1013 1080 0.937963
4027.jpg 1013 1080 0.937963
4028.jpg 1013 1080 0.937963
4029.jpg 1013 1080 0.937963
4030.jpg 1013 1080 0.937963
4031.jpg 1013 1080 0.937963
4032.jpg 1013 1080 0.937963
4033.jpg 1013 1080 0.937963
4034.jpg 1013 1080 0.937963
4035.jpg 1013 1080 0.937963
