4025.jpg 986 1080 0.912963
4015.jpg 984 1080 0.911111
4018.jpg 981 1080 0.908333
4008.jpg 980 1080 0.907407
4020.jpg 978 1080 0.905556
4021.jpg 976 1080 0.903704
4027.jpg 975 1080 0.902778
4031.jpg 966 1080 0.894444
4026.jpg 965 1080 0.893519
4017.jpg 961 1080 0.889815
4024.jpg 953 1080 0.882407
4028.jpg 953 1080 0.882407
4023.jpg 949 1080 0.878704
4011.jpg 948 1080 0.877778
4010.jpg 940 1080 0.87037
4016.jpg 899 1080 0.832407
4007.jpg 898 1080 0.831481
4032.jpg 895 1080 0.828704
4009.jpg 893 1080 0.826852
4005.jpg 891 1080 0.825
4006.jpg 869 1080 0.80463
4002.jpg 860 1080 0.796296
4019.jpg 860 1080 0.796296
4022.jpg 859 1080 0.79537
4013.jpg 858 1080 0.794444
4001.jpg 854 1080 0.790741
4004.jpg 847 1080 0.784259
4000.jpg 845 1080 0.782407
4014.jpg 845 1080 0.782407
4003.jpg 842 1080 0.77963
4034.jpg 842 1080 0.77963
4033.jpg 841 1080 0.778704
4035.jpg 841 1080 0.778704
4012.jpg 840 1080 0.777778
4030.jpg 837 1080 0.775
4029.jpg 830 1080 0.768519
