0001.jpg 939 1440 0.652083
0002.jpg 939 1440 0.652083
0003.jpg 939 1440 0.652083
0004.jpg 939 1440 0.652083
0005.jpg 939 1440 0.652083
0006.jpg 939 1440 0.652083
0007.jpg 939 1440 0.652083
0008.jpg 939 1440 0.652083
0009.jpg 939 1440 0.652083
0010.jpg 939 1440 0.652083
0011.jpg 939 1440 0.652083
0012.jpg 939 1440 0.652083
0013.jpg 939 1440 0.652083
0014.jpg 939 1440 0.652083
0015.jpg 939 1440 0.652083
0016.jpg 939 1440 0.652083
0017.jpg 939 1440 0.652083
0018.jpg 939 1440 0.652083
0019.jpg 939 1440 0.652083
0020.jpg 939 1440 0.652083
0021.jpg 939 1440 0.652083
0022.jpg 939 1440 0.652083
0023.jpg 939 1440 0.652083
0024.jpg 939 1440 0.652083
0025.jpg 939 1440 0.652083
0026.jpg 939 1440 0.652083
0050.jpg 939 1440 0.652083
0051.jpg 939 1440 0.652083
0052.jpg 939 1440 0.652083
0053.jpg 939 1440 0.652083
0054.jpg 939 1440 0.652083
0055.jpg 939 1440 0.652083
0056.jpg 939 1440 0.652083
0057.jpg 939 1440 0.652083
0058.jpg 939 1440 0.652083
0059.jpg 939 1440 0.652083
0060.jpg 939 1440 0.652083
0061.jpg 939 1440 0.652083
0062.jpg 939 1440 0.652083
0063.jpg 939 1440 0.652083
0064.jpg 939 1440 0.652083
0065.jpg 939 1440 0.652083
0066.jpg 939 1440 0.652083
0067.jpg 939 1440 0.652083
0068.jpg 939 1440 0.652083
0069.jpg 939 1440 0.652083
0070.jpg 939 1440 0.652083
0071.jpg 939 1440 0.652083
0072.jpg 939 1440 0.652083
0073.jpg 939 1440 0.652083
0074.jpg 939 1440 0.652083
0075.jpg 939 1440 0.652083
0076.jpg 939 1440 0.652083
0077.jpg 939 1440 0.652083
0078.jpg 939 1440 0.652083
0079.jpg 939 1440 0.652083
0080.jpg 939 1440 0.652083
0081.jpg 939 1440 0.652083
0082.jpg 939 1440 0.652083
0083.jpg 939 1440 0.652083
0084.jpg 939 1440 0.652083
0085.jpg 939 1440 0.652083
0086.jpg 939 1440 0.652083
0087.jpg 939 1440 0.652083
0088.jpg 939 1440 0.652083
0089.jpg 939 1440 0.652083
0090.jpg 939 1440 0.652083
0091.jpg 939 1440 0.652083
0092.jpg 939 1440 0.652083
0093.jpg 939 1440 0.652083
0094.jpg 939 1440 0.652083
0095.jpg 939 1440 0.652083
0096.jpg 939 1440 0.652083
0097.jpg 939 1440 0.652083
0098.jpg 939 1440 0.652083
0099.jpg 939 1440 0.652083
0100.jpg 939 1440 0.652083
0101.jpg 939 1440 0.652083
0102.jpg 939 1440 0.652083
0103.jpg 939 1440 0.652083
0104.jpg 939 1440 0.652083
0105.jpg 939 1440 0.652083
0106.jpg 939 1440 0.652083
0107.jpg 939 1440 0.652083
0108.jpg 939 1440 0.652083
0109.jpg 939 1440 0.652083
0110.jpg 939 1440 0.652083
0111.jpg 939 1440 0.652083
0112.jpg 939 1440 0.652083
0113.jpg 939 1440 0.652083
0114.jpg 939 1440 0.652083
0115.jpg 939 1440 0.652083
0116.jpg 939 1440 0.652083
0117.jpg 939 1440 0.652083
0118.jpg 939 1440 0.652083
0119.jpg 939 1440 0.652083
0120.jpg 939 1440 0.652083
0121.jpg 939 1440 0.652083
0122.jpg 939 1440 0.652083
0123.jpg 939 1440 0.652083
0124.jpg 939 1440 0.652083
0125.jpg 939 1440 0.652083
0126.jpg 939 1440 0.652083
0127.jpg 939 1440 0.652083
0128.jpg 939 1440 0.652083
0129.jpg 939 1440 0.652083
0130.jpg 939 1440 0.652083
0131.jpg 939 1440 0.652083
0132.jpg 939 1440 0.652083
0133.jpg 939 1440 0.652083
0134.jpg 939 1440 0.652083
0135.jpg 939 1440 0.652083
0136.jpg 939 1440 0.652083
0137.jpg 939 1440 0.652083
0138.jpg 939 1440 0.652083
0139.jpg 939 1440 0.652083
0140.jpg 939 1440 0.652083
0141.jpg 939 1440 0.652083
0142.jpg 939 1440 0.652083
0143.jpg 939 1440 0.652083
0144.jpg 939 1440 0.652083
0145.jpg 939 1440 0.652083
0146.jpg 939 1440 0.652083
0147.jpg 939 1440 0.652083
0148.jpg 939 1440 0.652083
0149.jpg 939 1440 0.652083
0150.jpg 939 1440 0.652083
0151.jpg 939 1440 0.652083
0152.jpg 939 1440 0.652083
0153.jpg 939 1440 0.652083
0154.jpg 939 1440 0.652083
0155.jpg 939 1440 0.652083
0156.jpg 939 1440 0.652083
0157.jpg 939 1440 0.652083
0158.jpg 939 1440 0.652083
0159.jpg 939 1440 0.652083
0160.jpg 939 1440 0.652083
0161.jpg 939 1440 0.652083
0162.jpg 939 1440 0.652083
0163.jpg 939 1440 0.652083
0164.jpg 939 1440 0.652083
0165.jpg 939 1440 0.652083
0166.jpg 939 1440 0.652083
0167.jpg 939 1440 0.652083
0168.jpg 939 1440 0.652083
0169.jpg 939 1440 0.652083
0170.jpg 939 1440 0.652083
0171.jpg 939 1440 0.652083
0000.jpg 928 1440 0.644444
0027.jpg 928 1440 0.644444
0028.jpg 928 1440 0.644444
0029.jpg 928 1440 0.644444
0030.jpg 928 1440 0.644444
0031.jpg 928 1440 0.644444
0032.jpg 928 1440 0.644444
0033.jpg 928 1440 0.644444
0034.jpg 928 1440 0.644444
0035.jpg 928 1440 0.644444
0036.jpg 928 1440 0.644444
0037.jpg 928 1440 0.644444
0038.jpg 928 1440 0.644444
0039.jpg 928 1440 0.644444
0040.jpg 928 1440 0.644444
0041.jpg 928 1440 0.644444
0042.jpg 928 1440 0.644444
0043.jpg 928 1440 0.644444
0044.jpg 928 1440 0.644444
0045.jpg 928 1440 0.644444
0046.jpg 928 1440 0.644444
0047.jpg 928 1440 0.644444
0048.jpg 928 1440 0.644444
0049.jpg 928 1440 0.644444
