4040.jpg 1833 1080 1.69722
4129.jpg 1809 1080 1.675
4012.jpg 1782 1080 1.65
4082.jpg 1740 1080 1.61111
4013.jpg 1699 1080 1.57315
4011.jpg 1694 1080 1.56852
4038.jpg 1683 1080 1.55833
4058.jpg 1651 1080 1.5287
4142.jpg 1635 1080 1.51389
4010.jpg 1631 1080 1.51019
4111.jpg 1631 1080 1.51019
4131.jpg 1624 1080 1.5037
4076.jpg 1616 1080 1.4963
4074.jpg 1615 1080 1.49537
4122.jpg 1615 1080 1.49537
4095.jpg 1606 1080 1.48704
4080.jpg 1605 1080 1.48611
4101.jpg 1597 1080 1.4787
4044.jpg 1594 1080 1.47593
4120.jpg 1593 1080 1.475
4042.jpg 1590 1080 1.47222
4134.jpg 1586 1080 1.46852
4002.jpg 1573 1080 1.45648
4139.jpg 1570 1080 1.4537
4043.jpg 1563 1080 1.44722
4039.jpg 1544 1080 1.42963
4031.jpg 1543 1080 1.4287
4062.jpg 1540 1080 1.42593
4066.jpg 1540 1080 1.42593
4069.jpg 1540 1080 1.42593
4029.jpg 1527 1080 1.41389
4141.jpg 1524 1080 1.41111
4034.jpg 1523 1080 1.41019
4032.jpg 1522 1080 1.40926
4037.jpg 1520 1080 1.40741
4030.jpg 1519 1080 1.40648
4035.jpg 1518 1080 1.40556
4003.jpg 1515 1080 1.40278
4027.jpg 1514 1080 1.40185
4115.jpg 1513 1080 1.40093
4128.jpg 1510 1080 1.39815
4133.jpg 1510 1080 1.39815
4075.jpg 1506 1080 1.39444
4118.jpg 1500 1080 1.38889
4117.jpg 1497 1080 1.38611
4028.jpg 1496 1080 1.38519
4036.jpg 1493 1080 1.38241
4121.jpg 1491 1080 1.38056
4004.jpg 1486 1080 1.37593
4130.jpg 1486 1080 1.37593
4078.jpg 1485 1080 1.375
4113.jpg 1485 1080 1.375
4047.jpg 1478 1080 1.36852
4119.jpg 1476 1080 1.36667
4110.jpg 1469 1080 1.36019
4026.jpg 1468 1080 1.35926
4017.jpg 1457 1080 1.34907
4056.jpg 1457 1080 1.34907
4137.jpg 1455 1080 1.34722
4104.jpg 1454 1080 1.3463
4136.jpg 1452 1080 1.34444
4143.jpg 1450 1080 1.34259
4108.jpg 1449 1080 1.34167
4041.jpg 1447 1080 1.33981
4126.jpg 1447 1080 1.33981
4055.jpg 1446 1080 1.33889
4096.jpg 1445 1080 1.33796
4008.jpg 1443 1080 1.33611
4061.jpg 1443 1080 1.33611
4064.jpg 1443 1080 1.33611
4067.jpg 1443 1080 1.33611
4068.jpg 1443 1080 1.33611
4070.jpg 1443 1080 1.33611
4063.jpg 1442 1080 1.33519
4065.jpg 1442 1080 1.33519
4071.jpg 1442 1080 1.33519
4116.jpg 1440 1080 1.33333
4123.jpg 1440 1080 1.33333
4024.jpg 1431 1080 1.325
4105.jpg 1431 1080 1.325
4107.jpg 1430 1080 1.32407
4022.jpg 1429 1080 1.32315
4125.jpg 1427 1080 1.3213
4081.jpg 1426 1080 1.32037
4103.jpg 1424 1080 1.31852
4019.jpg 1418 1080 1.31296
4014.jpg 1414 1080 1.30926
4106.jpg 1412 1080 1.30741
4098.jpg 1411 1080 1.30648
4073.jpg 1406 1080 1.30185
4091.jpg 1406 1080 1.30185
4033.jpg 1401 1080 1.29722
4092.jpg 1400 1080 1.2963
4090.jpg 1395 1080 1.29167
4097.jpg 1394 1080 1.29074
4023.jpg 1393 1080 1.28981
4085.jpg 1384 1080 1.28148
4009.jpg 1381 1080 1.2787
4124.jpg 1374 1080 1.27222
4016.jpg 1366 1080 1.26481
4050.jpg 1364 1080 1.26296
4048.jpg 1362 1080 1.26111
4099.jpg 1360 1080 1.25926
4087.jpg 1358 1080 1.25741
4072.jpg 1355 1080 1.25463
4021.jpg 1354 1080 1.2537
4015.jpg 1349 1080 1.24907
4093.jpg 1349 1080 1.24907
4059.jpg 1347 1080 1.24722
4083.jpg 1347 1080 1.24722
4088.jpg 1345 1080 1.24537
4138.jpg 1342 1080 1.24259
4020.jpg 1329 1080 1.23056
4018.jpg 1328 1080 1.22963
4084.jpg 1328 1080 1.22963
4100.jpg 1327 1080 1.2287
4089.jpg 1323 1080 1.225
4094.jpg 1317 1080 1.21944
4006.jpg 1311 1080 1.21389
4077.jpg 1308 1080 1.21111
4060.jpg 1305 1080 1.20833
4140.jpg 1301 1080 1.20463
4057.jpg 1300 1080 1.2037
4001.jpg 1299 1080 1.20278
4102.jpg 1299 1080 1.20278
4132.jpg 1294 1080 1.19815
4109.jpg 1291 1080 1.19537
4049.jpg 1286 1080 1.19074
4051.jpg 1286 1080 1.19074
4054.jpg 1283 1080 1.18796
4052.jpg 1282 1080 1.18704
4046.jpg 1280 1080 1.18519
4127.jpg 1280 1080 1.18519
4000.jpg 1276 1080 1.18148
4053.jpg 1259 1080 1.16574
4112.jpg 1254 1080 1.16111
4079.jpg 1250 1080 1.15741
4135.jpg 1250 1080 1.15741
4114.jpg 1249 1080 1.15648
4045.jpg 1230 1080 1.13889
4025.jpg 1212 1080 1.12222
4086.jpg 1191 1080 1.10278
4007.jpg 1158 1080 1.07222
4005.jpg 1085 1080 1.00463
