4000.jpg 9828 1024 9.59766
4001.jpg 9828 1024 9.59766
4002.jpg 9828 1024 9.59766
4003.jpg 9828 1024 9.59766
4004.jpg 9828 1024 9.59766
4005.jpg 9828 1024 9.59766
4006.jpg 9828 1024 9.59766
4007.jpg 9828 1024 9.59766
4008.jpg 9828 1024 9.59766
4009.jpg 9828 1024 9.59766
4010.jpg 9828 1024 9.59766
4011.jpg 9828 1024 9.59766
4012.jpg 9828 1024 9.59766
4013.jpg 9828 1024 9.59766
4014.jpg 9828 1024 9.59766
4015.jpg 9828 1024 9.59766
4016.jpg 9828 1024 9.59766
4017.jpg 9828 1024 9.59766
4018.jpg 9828 1024 9.59766
4019.jpg 9828 1024 9.59766
4020.jpg 9828 1024 9.59766
