4000.jpg 1200 1080 1.11111
4001.jpg 1200 1080 1.11111
4002.jpg 1200 1080 1.11111
4003.jpg 1200 1080 1.11111
4004.jpg 1200 1080 1.11111
4005.jpg 1200 1080 1.11111
4006.jpg 1200 1080 1.11111
4007.jpg 1200 1080 1.11111
4008.jpg 1200 1080 1.11111
4009.jpg 1200 1080 1.11111
4010.jpg 1200 1080 1.11111
4011.jpg 1200 1080 1.11111
4012.jpg 1200 1080 1.11111
4013.jpg 1200 1080 1.11111
4014.jpg 1200 1080 1.11111
4015.jpg 1200 1080 1.11111
4016.jpg 1200 1080 1.11111
4017.jpg 1200 1080 1.11111
4018.jpg 1200 1080 1.11111
4019.jpg 1200 1080 1.11111
4020.jpg 1200 1080 1.11111
4021.jpg 1200 1080 1.11111
4022.jpg 1200 1080 1.11111
4023.jpg 1200 1080 1.11111
4024.jpg 1200 1080 1.11111
4025.jpg 1200 1080 1.11111
4026.jpg 1200 1080 1.11111
4027.jpg 1200 1080 1.11111
4028.jpg 1200 1080 1.11111
4029.jpg 1200 1080 1.11111
4030.jpg 1200 1080 1.11111
4031.jpg 1200 1080 1.11111
4032.jpg 1200 1080 1.11111
4033.jpg 1200 1080 1.11111
4034.jpg 1200 1080 1.11111
4035.jpg 1200 1080 1.11111
4036.jpg 1200 1080 1.11111
4037.jpg 1200 1080 1.11111
4038.jpg 1200 1080 1.11111
4039.jpg 1200 1080 1.11111
4040.jpg 1200 1080 1.11111
4041.jpg 1200 1080 1.11111
4042.jpg 1200 1080 1.11111
4043.jpg 1200 1080 1.11111
4044.jpg 1200 1080 1.11111
4045.jpg 1200 1080 1.11111
4046.jpg 1200 1080 1.11111
4047.jpg 1200 1080 1.11111
4048.jpg 1200 1080 1.11111
4049.jpg 1200 1080 1.11111
4050.jpg 1200 1080 1.11111
4051.jpg 1200 1080 1.11111
4052.jpg 1200 1080 1.11111
4053.jpg 1200 1080 1.11111
4054.jpg 1200 1080 1.11111
4055.jpg 1200 1080 1.11111
4056.jpg 1200 1080 1.11111
4057.jpg 1200 1080 1.11111
4058.jpg 1200 1080 1.11111
4059.jpg 1200 1080 1.11111
4060.jpg 1200 1080 1.11111
4061.jpg 1200 1080 1.11111
4062.jpg 1200 1080 1.11111
4063.jpg 1200 1080 1.11111
4064.jpg 1200 1080 1.11111
4065.jpg 1200 1080 1.11111
4066.jpg 1200 1080 1.11111
4067.jpg 1200 1080 1.11111
4068.jpg 1200 1080 1.11111
4069.jpg 1200 1080 1.11111
4070.jpg 1200 1080 1.11111
4071.jpg 1200 1080 1.11111
4072.jpg 1200 1080 1.11111
4073.jpg 1200 1080 1.11111
4074.jpg 1200 1080 1.11111
4075.jpg 1200 1080 1.11111
4076.jpg 1200 1080 1.11111
4077.jpg 1200 1080 1.11111
4078.jpg 1200 1080 1.11111
4079.jpg 1200 1080 1.11111
4080.jpg 1200 1080 1.11111
4081.jpg 1200 1080 1.11111
4082.jpg 1200 1080 1.11111
4083.jpg 1200 1080 1.11111
4084.jpg 1200 1080 1.11111
4085.jpg 1200 1080 1.11111
4086.jpg 1200 1080 1.11111
4087.jpg 1200 1080 1.11111
4088.jpg 1200 1080 1.11111
4089.jpg 1200 1080 1.11111
4090.jpg 1200 1080 1.11111
4091.jpg 1200 1080 1.11111
4092.jpg 1200 1080 1.11111
4093.jpg 1200 1080 1.11111
4094.jpg 1200 1080 1.11111
4095.jpg 1200 1080 1.11111
4096.jpg 1200 1080 1.11111
4097.jpg 1200 1080 1.11111
4098.jpg 1200 1080 1.11111
4099.jpg 1200 1080 1.11111
4100.jpg 1200 1080 1.11111
4101.jpg 1200 1080 1.11111
4102.jpg 1200 1080 1.11111
4103.jpg 1200 1080 1.11111
4104.jpg 1200 1080 1.11111
4105.jpg 1200 1080 1.11111
4106.jpg 1200 1080 1.11111
4107.jpg 1200 1080 1.11111
4108.jpg 1200 1080 1.11111
4109.jpg 1200 1080 1.11111
4110.jpg 1200 1080 1.11111
4111.jpg 1200 1080 1.11111
4112.jpg 1200 1080 1.11111
4113.jpg 1200 1080 1.11111
4114.jpg 1200 1080 1.11111
4115.jpg 1200 1080 1.11111
4116.jpg 1200 1080 1.11111
4117.jpg 1200 1080 1.11111
4118.jpg 1200 1080 1.11111
4119.jpg 1200 1080 1.11111
4120.jpg 1200 1080 1.11111
4121.jpg 1200 1080 1.11111
4122.jpg 1200 1080 1.11111
4123.jpg 1200 1080 1.11111
4124.jpg 1200 1080 1.11111
4125.jpg 1200 1080 1.11111
4126.jpg 1200 1080 1.11111
4127.jpg 1200 1080 1.11111
4128.jpg 1200 1080 1.11111
4129.jpg 1200 1080 1.11111
4130.jpg 1200 1080 1.11111
4131.jpg 1200 1080 1.11111
4132.jpg 1200 1080 1.11111
4133.jpg 1200 1080 1.11111
4134.jpg 1200 1080 1.11111
4135.jpg 1200 1080 1.11111
4136.jpg 1200 1080 1.11111
4137.jpg 1200 1080 1.11111
4138.jpg 1200 1080 1.11111
4139.jpg 1200 1080 1.11111
4140.jpg 1200 1080 1.11111
4141.jpg 1200 1080 1.11111
4142.jpg 1200 1080 1.11111
4143.jpg 1200 1080 1.11111
