0000.jpg 5760 1080 5.33333
0001.jpg 5760 1080 5.33333
0002.jpg 5760 1080 5.33333
0003.jpg 5760 1080 5.33333
0004.jpg 5760 1080 5.33333
0005.jpg 5760 1080 5.33333
0006.jpg 5760 1080 5.33333
0007.jpg 5760 1080 5.33333
0008.jpg 5760 1080 5.33333
0009.jpg 5760 1080 5.33333
0010.jpg 5760 1080 5.33333
0011.jpg 5760 1080 5.33333
0014.jpg 5760 1080 5.33333
0015.jpg 5760 1080 5.33333
0017.jpg 5760 1080 5.33333
0018.jpg 5760 1080 5.33333
0019.jpg 5760 1080 5.33333
0020.jpg 5760 1080 5.33333
0021.jpg 5760 1080 5.33333
0022.jpg 5760 1080 5.33333
0023.jpg 5760 1080 5.33333
0024.jpg 5760 1080 5.33333
0026.jpg 5760 1080 5.33333
0027.jpg 5760 1080 5.33333
0028.jpg 5760 1080 5.33333
0029.jpg 5760 1080 5.33333
0030.jpg 5760 1080 5.33333
0031.jpg 5760 1080 5.33333
0032.jpg 5760 1080 5.33333
0039.jpg 5760 1080 5.33333
0040.jpg 5760 1080 5.33333
0041.jpg 5760 1080 5.33333
0042.jpg 5760 1080 5.33333
0043.jpg 5760 1080 5.33333
0044.jpg 5760 1080 5.33333
0045.jpg 5760 1080 5.33333
0046.jpg 5760 1080 5.33333
0047.jpg 5760 1080 5.33333
0048.jpg 5760 1080 5.33333
0049.jpg 5760 1080 5.33333
0050.jpg 5760 1080 5.33333
0051.jpg 5760 1080 5.33333
0052.jpg 5760 1080 5.33333
0053.jpg 5760 1080 5.33333
0054.jpg 5760 1080 5.33333
0055.jpg 5760 1080 5.33333
0056.jpg 5760 1080 5.33333
0057.jpg 5760 1080 5.33333
0058.jpg 5760 1080 5.33333
0059.jpg 5760 1080 5.33333
0060.jpg 5760 1080 5.33333
0061.jpg 5760 1080 5.33333
0062.jpg 5760 1080 5.33333
0063.jpg 5760 1080 5.33333
0064.jpg 5760 1080 5.33333
0065.jpg 5760 1080 5.33333
0067.jpg 5760 1080 5.33333
0069.jpg 5760 1080 5.33333
0070.jpg 5760 1080 5.33333
0071.jpg 5760 1080 5.33333
0072.jpg 5760 1080 5.33333
0073.jpg 5760 1080 5.33333
0074.jpg 5760 1080 5.33333
0075.jpg 5760 1080 5.33333
0076.jpg 5760 1080 5.33333
0077.jpg 5760 1080 5.33333
0078.jpg 5760 1080 5.33333
0079.jpg 5760 1080 5.33333
0081.jpg 5760 1080 5.33333
0082.jpg 5760 1080 5.33333
0083.jpg 5760 1080 5.33333
0084.jpg 5760 1080 5.33333
0085.jpg 5760 1080 5.33333
0086.jpg 5760 1080 5.33333
0087.jpg 5760 1080 5.33333
0088.jpg 5760 1080 5.33333
0089.jpg 5760 1080 5.33333
0090.jpg 5760 1080 5.33333
0091.jpg 5760 1080 5.33333
0092.jpg 5760 1080 5.33333
0093.jpg 5760 1080 5.33333
0094.jpg 5760 1080 5.33333
0098.jpg 5760 1080 5.33333
0099.jpg 5760 1080 5.33333
0100.jpg 5760 1080 5.33333
0104.jpg 5760 1080 5.33333
0105.jpg 5760 1080 5.33333
0106.jpg 5760 1080 5.33333
0107.jpg 5760 1080 5.33333
0108.jpg 5760 1080 5.33333
0111.jpg 5760 1080 5.33333
0112.jpg 5760 1080 5.33333
0113.jpg 5760 1080 5.33333
0114.jpg 5760 1080 5.33333
