0000.jpg 936 1440 0.65
0001.jpg 936 1440 0.65
0002.jpg 936 1440 0.65
0003.jpg 936 1440 0.65
0004.jpg 936 1440 0.65
0005.jpg 936 1440 0.65
0006.jpg 936 1440 0.65
0007.jpg 936 1440 0.65
0008.jpg 936 1440 0.65
0009.jpg 936 1440 0.65
0010.jpg 936 1440 0.65
0011.jpg 936 1440 0.65
0012.jpg 936 1440 0.65
0013.jpg 936 1440 0.65
0014.jpg 936 1440 0.65
0015.jpg 936 1440 0.65
0016.jpg 936 1440 0.65
0017.jpg 936 1440 0.65
0018.jpg 936 1440 0.65
0019.jpg 936 1440 0.65
0020.jpg 936 1440 0.65
0021.jpg 936 1440 0.65
0022.jpg 936 1440 0.65
0023.jpg 936 1440 0.65
0024.jpg 936 1440 0.65
0025.jpg 936 1440 0.65
0026.jpg 936 1440 0.65
0027.jpg 936 1440 0.65
0028.jpg 936 1440 0.65
0029.jpg 936 1440 0.65
0030.jpg 936 1440 0.65
0031.jpg 936 1440 0.65
0032.jpg 936 1440 0.65
0033.jpg 936 1440 0.65
0034.jpg 936 1440 0.65
0035.jpg 936 1440 0.65
0036.jpg 936 1440 0.65
0037.jpg 936 1440 0.65
0038.jpg 936 1440 0.65
0039.jpg 936 1440 0.65
0040.jpg 936 1440 0.65
0041.jpg 936 1440 0.65
0042.jpg 936 1440 0.65
0043.jpg 936 1440 0.65
0044.jpg 936 1440 0.65
0045.jpg 936 1440 0.65
0046.jpg 936 1440 0.65
0047.jpg 936 1440 0.65
0048.jpg 936 1440 0.65
0049.jpg 936 1440 0.65
0050.jpg 936 1440 0.65
0051.jpg 936 1440 0.65
0052.jpg 936 1440 0.65
0053.jpg 936 1440 0.65
0054.jpg 936 1440 0.65
0055.jpg 936 1440 0.65
0056.jpg 936 1440 0.65
0057.jpg 936 1440 0.65
0058.jpg 936 1440 0.65
0059.jpg 936 1440 0.65
0060.jpg 936 1440 0.65
0061.jpg 936 1440 0.65
0062.jpg 936 1440 0.65
0063.jpg 936 1440 0.65
0064.jpg 936 1440 0.65
0065.jpg 936 1440 0.65
0066.jpg 936 1440 0.65
0067.jpg 936 1440 0.65
0068.jpg 936 1440 0.65
0069.jpg 936 1440 0.65
0070.jpg 936 1440 0.65
0071.jpg 936 1440 0.65
0072.jpg 936 1440 0.65
0073.jpg 936 1440 0.65
0074.jpg 936 1440 0.65
0075.jpg 936 1440 0.65
0076.jpg 936 1440 0.65
0077.jpg 936 1440 0.65
0078.jpg 936 1440 0.65
0079.jpg 936 1440 0.65
0080.jpg 936 1440 0.65
0081.jpg 936 1440 0.65
0082.jpg 936 1440 0.65
0083.jpg 936 1440 0.65
0084.jpg 936 1440 0.65
0085.jpg 936 1440 0.65
0086.jpg 936 1440 0.65
0087.jpg 936 1440 0.65
0088.jpg 936 1440 0.65
0089.jpg 936 1440 0.65
0090.jpg 936 1440 0.65
0091.jpg 936 1440 0.65
0092.jpg 936 1440 0.65
0093.jpg 936 1440 0.65
0094.jpg 936 1440 0.65
0095.jpg 936 1440 0.65
0096.jpg 936 1440 0.65
0097.jpg 936 1440 0.65
0098.jpg 936 1440 0.65
0099.jpg 936 1440 0.65
0100.jpg 936 1440 0.65
0101.jpg 936 1440 0.65
0102.jpg 936 1440 0.65
0103.jpg 936 1440 0.65
0104.jpg 936 1440 0.65
0105.jpg 936 1440 0.65
0106.jpg 936 1440 0.65
0107.jpg 936 1440 0.65
0108.jpg 936 1440 0.65
0109.jpg 936 1440 0.65
0110.jpg 936 1440 0.65
0111.jpg 936 1440 0.65
0112.jpg 936 1440 0.65
0113.jpg 936 1440 0.65
0114.jpg 936 1440 0.65
0115.jpg 936 1440 0.65
0116.jpg 936 1440 0.65
0117.jpg 936 1440 0.65
0118.jpg 936 1440 0.65
0119.jpg 936 1440 0.65
