0000.jpg 700 1080 0.648148
0001.jpg 700 1080 0.648148
0002.jpg 700 1080 0.648148
0003.jpg 700 1080 0.648148
0004.jpg 700 1080 0.648148
0005.jpg 700 1080 0.648148
0006.jpg 700 1080 0.648148
0007.jpg 700 1080 0.648148
0008.jpg 700 1080 0.648148
0009.jpg 700 1080 0.648148
0010.jpg 700 1080 0.648148
0011.jpg 700 1080 0.648148
0012.jpg 700 1080 0.648148
0013.jpg 700 1080 0.648148
0014.jpg 700 1080 0.648148
0015.jpg 700 1080 0.648148
0016.jpg 700 1080 0.648148
0017.jpg 700 1080 0.648148
0018.jpg 700 1080 0.648148
0019.jpg 700 1080 0.648148
0020.jpg 700 1080 0.648148
0021.jpg 700 1080 0.648148
0022.jpg 700 1080 0.648148
0023.jpg 700 1080 0.648148
0024.jpg 700 1080 0.648148
0025.jpg 700 1080 0.648148
0026.jpg 700 1080 0.648148
0027.jpg 700 1080 0.648148
0028.jpg 700 1080 0.648148
0029.jpg 700 1080 0.648148
0030.jpg 700 1080 0.648148
0031.jpg 700 1080 0.648148
0032.jpg 700 1080 0.648148
0033.jpg 700 1080 0.648148
0034.jpg 700 1080 0.648148
0035.jpg 700 1080 0.648148
0036.jpg 700 1080 0.648148
0037.jpg 700 1080 0.648148
0038.jpg 700 1080 0.648148
0039.jpg 700 1080 0.648148
0040.jpg 700 1080 0.648148
0041.jpg 700 1080 0.648148
0042.jpg 700 1080 0.648148
0043.jpg 700 1080 0.648148
0044.jpg 700 1080 0.648148
0045.jpg 700 1080 0.648148
0046.jpg 700 1080 0.648148
0047.jpg 700 1080 0.648148
0048.jpg 700 1080 0.648148
0049.jpg 700 1080 0.648148
0050.jpg 700 1080 0.648148
0051.jpg 700 1080 0.648148
0052.jpg 700 1080 0.648148
0053.jpg 700 1080 0.648148
0054.jpg 700 1080 0.648148
0055.jpg 700 1080 0.648148
0056.jpg 700 1080 0.648148
0057.jpg 700 1080 0.648148
0058.jpg 700 1080 0.648148
0059.jpg 700 1080 0.648148
0060.jpg 700 1080 0.648148
0061.jpg 700 1080 0.648148
0062.jpg 700 1080 0.648148
0063.jpg 700 1080 0.648148
0064.jpg 700 1080 0.648148
0065.jpg 700 1080 0.648148
0066.jpg 700 1080 0.648148
0067.jpg 700 1080 0.648148
0068.jpg 700 1080 0.648148
0069.jpg 700 1080 0.648148
0070.jpg 700 1080 0.648148
0071.jpg 700 1080 0.648148
0072.jpg 700 1080 0.648148
0073.jpg 700 1080 0.648148
0074.jpg 700 1080 0.648148
0075.jpg 700 1080 0.648148
0076.jpg 700 1080 0.648148
0077.jpg 700 1080 0.648148
0078.jpg 700 1080 0.648148
0079.jpg 700 1080 0.648148
0080.jpg 700 1080 0.648148
0081.jpg 700 1080 0.648148
0082.jpg 700 1080 0.648148
0083.jpg 700 1080 0.648148
0084.jpg 700 1080 0.648148
0085.jpg 700 1080 0.648148
0086.jpg 700 1080 0.648148
0087.jpg 700 1080 0.648148
0088.jpg 700 1080 0.648148
0089.jpg 700 1080 0.648148
0090.jpg 700 1080 0.648148
0091.jpg 700 1080 0.648148
0092.jpg 700 1080 0.648148
0093.jpg 700 1080 0.648148
0094.jpg 700 1080 0.648148
0095.jpg 700 1080 0.648148
0096.jpg 700 1080 0.648148
0097.jpg 700 1080 0.648148
0098.jpg 700 1080 0.648148
0099.jpg 700 1080 0.648148
0100.jpg 700 1080 0.648148
0101.jpg 700 1080 0.648148
0102.jpg 700 1080 0.648148
0103.jpg 700 1080 0.648148
0104.jpg 700 1080 0.648148
0105.jpg 700 1080 0.648148
0106.jpg 700 1080 0.648148
0107.jpg 700 1080 0.648148
0108.jpg 700 1080 0.648148
0109.jpg 700 1080 0.648148
0110.jpg 700 1080 0.648148
0111.jpg 700 1080 0.648148
0112.jpg 700 1080 0.648148
0113.jpg 700 1080 0.648148
0114.jpg 700 1080 0.648148
0115.jpg 700 1080 0.648148
0116.jpg 700 1080 0.648148
0117.jpg 700 1080 0.648148
0118.jpg 700 1080 0.648148
0119.jpg 700 1080 0.648148
0120.jpg 700 1080 0.648148
0121.jpg 700 1080 0.648148
0122.jpg 700 1080 0.648148
0123.jpg 700 1080 0.648148
0124.jpg 700 1080 0.648148
0125.jpg 700 1080 0.648148
0126.jpg 700 1080 0.648148
0127.jpg 700 1080 0.648148
0128.jpg 700 1080 0.648148
0129.jpg 700 1080 0.648148
0130.jpg 700 1080 0.648148
0131.jpg 700 1080 0.648148
0132.jpg 700 1080 0.648148
0133.jpg 700 1080 0.648148
0134.jpg 700 1080 0.648148
0135.jpg 700 1080 0.648148
0136.jpg 700 1080 0.648148
0137.jpg 700 1080 0.648148
0138.jpg 700 1080 0.648148
0139.jpg 700 1080 0.648148
0140.jpg 700 1080 0.648148
0141.jpg 700 1080 0.648148
0142.jpg 700 1080 0.648148
0143.jpg 700 1080 0.648148
0144.jpg 700 1080 0.648148
0152.jpg 700 1080 0.648148
0153.jpg 700 1080 0.648148
0154.jpg 700 1080 0.648148
0155.jpg 700 1080 0.648148
0156.jpg 700 1080 0.648148
0157.jpg 700 1080 0.648148
0158.jpg 700 1080 0.648148
0159.jpg 700 1080 0.648148
0160.jpg 700 1080 0.648148
0161.jpg 700 1080 0.648148
0162.jpg 700 1080 0.648148
0163.jpg 700 1080 0.648148
0164.jpg 700 1080 0.648148
0165.jpg 700 1080 0.648148
0166.jpg 700 1080 0.648148
0167.jpg 700 1080 0.648148
0168.jpg 700 1080 0.648148
0169.jpg 700 1080 0.648148
0170.jpg 700 1080 0.648148
0171.jpg 700 1080 0.648148
0172.jpg 700 1080 0.648148
0173.jpg 700 1080 0.648148
0174.jpg 700 1080 0.648148
0175.jpg 700 1080 0.648148
0176.jpg 700 1080 0.648148
0177.jpg 700 1080 0.648148
0178.jpg 700 1080 0.648148
0179.jpg 700 1080 0.648148
0180.jpg 700 1080 0.648148
0181.jpg 700 1080 0.648148
0182.jpg 700 1080 0.648148
0183.jpg 700 1080 0.648148
0184.jpg 700 1080 0.648148
0185.jpg 700 1080 0.648148
0186.jpg 700 1080 0.648148
0187.jpg 700 1080 0.648148
0188.jpg 700 1080 0.648148
0189.jpg 700 1080 0.648148
0190.jpg 700 1080 0.648148
0191.jpg 700 1080 0.648148
0192.jpg 700 1080 0.648148
0193.jpg 700 1080 0.648148
0194.jpg 700 1080 0.648148
0195.jpg 700 1080 0.648148
0196.jpg 700 1080 0.648148
0197.jpg 700 1080 0.648148
0198.jpg 700 1080 0.648148
0199.jpg 700 1080 0.648148
0200.jpg 700 1080 0.648148
0201.jpg 700 1080 0.648148
0202.jpg 700 1080 0.648148
0203.jpg 700 1080 0.648148
0204.jpg 700 1080 0.648148
0205.jpg 700 1080 0.648148
0206.jpg 700 1080 0.648148
0207.jpg 700 1080 0.648148
0208.jpg 700 1080 0.648148
0209.jpg 700 1080 0.648148
0210.jpg 700 1080 0.648148
0211.jpg 700 1080 0.648148
0212.jpg 700 1080 0.648148
0213.jpg 700 1080 0.648148
0214.jpg 700 1080 0.648148
0215.jpg 700 1080 0.648148
0216.jpg 700 1080 0.648148
0217.jpg 700 1080 0.648148
0218.jpg 700 1080 0.648148
0219.jpg 700 1080 0.648148
0220.jpg 700 1080 0.648148
0221.jpg 700 1080 0.648148
0222.jpg 700 1080 0.648148
0223.jpg 700 1080 0.648148
0224.jpg 700 1080 0.648148
0225.jpg 700 1080 0.648148
0226.jpg 700 1080 0.648148
0227.jpg 700 1080 0.648148
0228.jpg 700 1080 0.648148
0229.jpg 700 1080 0.648148
0230.jpg 700 1080 0.648148
0231.jpg 700 1080 0.648148
0232.jpg 700 1080 0.648148
0233.jpg 700 1080 0.648148
0234.jpg 700 1080 0.648148
0235.jpg 700 1080 0.648148
0236.jpg 700 1080 0.648148
0237.jpg 700 1080 0.648148
0238.jpg 700 1080 0.648148
0239.jpg 700 1080 0.648148
0240.jpg 700 1080 0.648148
0241.jpg 700 1080 0.648148
0242.jpg 700 1080 0.648148
0243.jpg 700 1080 0.648148
0244.jpg 700 1080 0.648148
0245.jpg 700 1080 0.648148
0246.jpg 700 1080 0.648148
0247.jpg 700 1080 0.648148
0248.jpg 700 1080 0.648148
0249.jpg 700 1080 0.648148
0250.jpg 700 1080 0.648148
0251.jpg 700 1080 0.648148
0252.jpg 700 1080 0.648148
0253.jpg 700 1080 0.648148
0254.jpg 700 1080 0.648148
0255.jpg 700 1080 0.648148
0256.jpg 700 1080 0.648148
0257.jpg 700 1080 0.648148
0258.jpg 700 1080 0.648148
0259.jpg 700 1080 0.648148
0260.jpg 700 1080 0.648148
0261.jpg 700 1080 0.648148
0262.jpg 700 1080 0.648148
0263.jpg 700 1080 0.648148
0264.jpg 700 1080 0.648148
0265.jpg 700 1080 0.648148
0266.jpg 700 1080 0.648148
0267.jpg 700 1080 0.648148
0268.jpg 700 1080 0.648148
0269.jpg 700 1080 0.648148
0270.jpg 700 1080 0.648148
0271.jpg 700 1080 0.648148
0272.jpg 700 1080 0.648148
0273.jpg 700 1080 0.648148
0274.jpg 700 1080 0.648148
0275.jpg 700 1080 0.648148
0276.jpg 700 1080 0.648148
0277.jpg 700 1080 0.648148
0278.jpg 700 1080 0.648148
0279.jpg 700 1080 0.648148
0280.jpg 700 1080 0.648148
0281.jpg 700 1080 0.648148
0282.jpg 700 1080 0.648148
0283.jpg 700 1080 0.648148
0284.jpg 700 1080 0.648148
0285.jpg 700 1080 0.648148
0286.jpg 700 1080 0.648148
0287.jpg 700 1080 0.648148
0288.jpg 700 1080 0.648148
0289.jpg 700 1080 0.648148
0290.jpg 700 1080 0.648148
0291.jpg 700 1080 0.648148
0292.jpg 700 1080 0.648148
0293.jpg 700 1080 0.648148
0294.jpg 700 1080 0.648148
0295.jpg 700 1080 0.648148
0296.jpg 700 1080 0.648148
0297.jpg 700 1080 0.648148
0298.jpg 700 1080 0.648148
0299.jpg 700 1080 0.648148
0300.jpg 700 1080 0.648148
0301.jpg 700 1080 0.648148
0302.jpg 700 1080 0.648148
0303.jpg 700 1080 0.648148
0304.jpg 700 1080 0.648148
0305.jpg 700 1080 0.648148
0306.jpg 700 1080 0.648148
0307.jpg 700 1080 0.648148
0308.jpg 700 1080 0.648148
0309.jpg 700 1080 0.648148
0310.jpg 700 1080 0.648148
0311.jpg 700 1080 0.648148
0312.jpg 700 1080 0.648148
0313.jpg 700 1080 0.648148
0314.jpg 700 1080 0.648148
0315.jpg 700 1080 0.648148
0316.jpg 700 1080 0.648148
0317.jpg 700 1080 0.648148
0318.jpg 700 1080 0.648148
0319.jpg 700 1080 0.648148
0320.jpg 700 1080 0.648148
0321.jpg 700 1080 0.648148
0322.jpg 700 1080 0.648148
0323.jpg 700 1080 0.648148
0324.jpg 700 1080 0.648148
0325.jpg 700 1080 0.648148
0326.jpg 700 1080 0.648148
0327.jpg 700 1080 0.648148
0328.jpg 700 1080 0.648148
0329.jpg 700 1080 0.648148
0330.jpg 700 1080 0.648148
0331.jpg 700 1080 0.648148
0332.jpg 700 1080 0.648148
0333.jpg 700 1080 0.648148
0334.jpg 700 1080 0.648148
0335.jpg 700 1080 0.648148
0336.jpg 700 1080 0.648148
0337.jpg 700 1080 0.648148
0338.jpg 700 1080 0.648148
0339.jpg 700 1080 0.648148
0340.jpg 700 1080 0.648148
0341.jpg 700 1080 0.648148
0342.jpg 700 1080 0.648148
0343.jpg 700 1080 0.648148
0344.jpg 700 1080 0.648148
0345.jpg 700 1080 0.648148
0346.jpg 700 1080 0.648148
0347.jpg 700 1080 0.648148
0348.jpg 700 1080 0.648148
0349.jpg 700 1080 0.648148
0350.jpg 700 1080 0.648148
0351.jpg 700 1080 0.648148
0352.jpg 700 1080 0.648148
0353.jpg 700 1080 0.648148
0354.jpg 700 1080 0.648148
0355.jpg 700 1080 0.648148
0356.jpg 700 1080 0.648148
0357.jpg 700 1080 0.648148
0358.jpg 700 1080 0.648148
0359.jpg 700 1080 0.648148
0360.jpg 700 1080 0.648148
0361.jpg 700 1080 0.648148
0362.jpg 700 1080 0.648148
0363.jpg 700 1080 0.648148
0364.jpg 700 1080 0.648148
0365.jpg 700 1080 0.648148
0366.jpg 700 1080 0.648148
0367.jpg 700 1080 0.648148
0368.jpg 700 1080 0.648148
0369.jpg 700 1080 0.648148
0370.jpg 700 1080 0.648148
0371.jpg 700 1080 0.648148
0372.jpg 700 1080 0.648148
0373.jpg 700 1080 0.648148
0374.jpg 700 1080 0.648148
0375.jpg 700 1080 0.648148
0376.jpg 700 1080 0.648148
0377.jpg 700 1080 0.648148
0378.jpg 700 1080 0.648148
0379.jpg 700 1080 0.648148
0380.jpg 700 1080 0.648148
0381.jpg 700 1080 0.648148
0382.jpg 700 1080 0.648148
0383.jpg 700 1080 0.648148
0384.jpg 700 1080 0.648148
0385.jpg 700 1080 0.648148
0386.jpg 700 1080 0.648148
0387.jpg 700 1080 0.648148
0388.jpg 700 1080 0.648148
0389.jpg 700 1080 0.648148
0390.jpg 700 1080 0.648148
0391.jpg 700 1080 0.648148
0392.jpg 700 1080 0.648148
0393.jpg 700 1080 0.648148
0394.jpg 700 1080 0.648148
0395.jpg 700 1080 0.648148
0396.jpg 700 1080 0.648148
0397.jpg 700 1080 0.648148
0398.jpg 700 1080 0.648148
0399.jpg 700 1080 0.648148
0400.jpg 700 1080 0.648148
0401.jpg 700 1080 0.648148
0402.jpg 700 1080 0.648148
0403.jpg 700 1080 0.648148
0404.jpg 700 1080 0.648148
0405.jpg 700 1080 0.648148
0406.jpg 700 1080 0.648148
0407.jpg 700 1080 0.648148
0408.jpg 700 1080 0.648148
0409.jpg 700 1080 0.648148
0410.jpg 700 1080 0.648148
0411.jpg 700 1080 0.648148
0412.jpg 700 1080 0.648148
0413.jpg 700 1080 0.648148
0414.jpg 700 1080 0.648148
0415.jpg 700 1080 0.648148
0416.jpg 700 1080 0.648148
0417.jpg 700 1080 0.648148
0418.jpg 700 1080 0.648148
0419.jpg 700 1080 0.648148
0420.jpg 700 1080 0.648148
0421.jpg 700 1080 0.648148
0422.jpg 700 1080 0.648148
0423.jpg 700 1080 0.648148
0424.jpg 700 1080 0.648148
0425.jpg 700 1080 0.648148
0426.jpg 700 1080 0.648148
0427.jpg 700 1080 0.648148
0428.jpg 700 1080 0.648148
0429.jpg 700 1080 0.648148
0430.jpg 700 1080 0.648148
0431.jpg 700 1080 0.648148
0432.jpg 700 1080 0.648148
0433.jpg 700 1080 0.648148
0434.jpg 700 1080 0.648148
0435.jpg 700 1080 0.648148
0436.jpg 700 1080 0.648148
0437.jpg 700 1080 0.648148
0438.jpg 700 1080 0.648148
0439.jpg 700 1080 0.648148
0440.jpg 700 1080 0.648148
0441.jpg 700 1080 0.648148
0442.jpg 700 1080 0.648148
0443.jpg 700 1080 0.648148
0444.jpg 700 1080 0.648148
0445.jpg 700 1080 0.648148
0446.jpg 700 1080 0.648148
0447.jpg 700 1080 0.648148
0448.jpg 700 1080 0.648148
0449.jpg 700 1080 0.648148
0450.jpg 700 1080 0.648148
0451.jpg 700 1080 0.648148
0452.jpg 700 1080 0.648148
0453.jpg 700 1080 0.648148
0454.jpg 700 1080 0.648148
0455.jpg 700 1080 0.648148
0456.jpg 700 1080 0.648148
0457.jpg 700 1080 0.648148
0458.jpg 700 1080 0.648148
0459.jpg 700 1080 0.648148
0460.jpg 700 1080 0.648148
0461.jpg 700 1080 0.648148
0462.jpg 700 1080 0.648148
0463.jpg 700 1080 0.648148
0464.jpg 700 1080 0.648148
0465.jpg 700 1080 0.648148
0466.jpg 700 1080 0.648148
0467.jpg 700 1080 0.648148
0468.jpg 700 1080 0.648148
0469.jpg 700 1080 0.648148
0470.jpg 700 1080 0.648148
0471.jpg 700 1080 0.648148
0472.jpg 700 1080 0.648148
0473.jpg 700 1080 0.648148
0474.jpg 700 1080 0.648148
0475.jpg 700 1080 0.648148
0476.jpg 700 1080 0.648148
0477.jpg 700 1080 0.648148
0478.jpg 700 1080 0.648148
0479.jpg 700 1080 0.648148
0480.jpg 700 1080 0.648148
0481.jpg 700 1080 0.648148
0482.jpg 700 1080 0.648148
0483.jpg 700 1080 0.648148
0484.jpg 700 1080 0.648148
0485.jpg 700 1080 0.648148
0486.jpg 700 1080 0.648148
0487.jpg 700 1080 0.648148
0488.jpg 700 1080 0.648148
0489.jpg 700 1080 0.648148
0490.jpg 700 1080 0.648148
0491.jpg 700 1080 0.648148
0492.jpg 700 1080 0.648148
0493.jpg 700 1080 0.648148
0494.jpg 700 1080 0.648148
0495.jpg 700 1080 0.648148
0496.jpg 700 1080 0.648148
0497.jpg 700 1080 0.648148
0498.jpg 700 1080 0.648148
0499.jpg 700 1080 0.648148
0500.jpg 700 1080 0.648148
0501.jpg 700 1080 0.648148
0502.jpg 700 1080 0.648148
0503.jpg 700 1080 0.648148
0504.jpg 700 1080 0.648148
0505.jpg 700 1080 0.648148
0506.jpg 700 1080 0.648148
0507.jpg 700 1080 0.648148
0508.jpg 700 1080 0.648148
0509.jpg 700 1080 0.648148
0510.jpg 700 1080 0.648148
0511.jpg 700 1080 0.648148
0512.jpg 700 1080 0.648148
0513.jpg 700 1080 0.648148
0514.jpg 700 1080 0.648148
0515.jpg 700 1080 0.648148
0516.jpg 700 1080 0.648148
0517.jpg 700 1080 0.648148
0518.jpg 700 1080 0.648148
0519.jpg 700 1080 0.648148
0520.jpg 700 1080 0.648148
0521.jpg 700 1080 0.648148
0522.jpg 700 1080 0.648148
0523.jpg 700 1080 0.648148
0524.jpg 700 1080 0.648148
0525.jpg 700 1080 0.648148
0526.jpg 700 1080 0.648148
0527.jpg 700 1080 0.648148
0528.jpg 700 1080 0.648148
0529.jpg 700 1080 0.648148
0530.jpg 700 1080 0.648148
0531.jpg 700 1080 0.648148
0532.jpg 700 1080 0.648148
0533.jpg 700 1080 0.648148
0534.jpg 700 1080 0.648148
0535.jpg 700 1080 0.648148
0536.jpg 700 1080 0.648148
0537.jpg 700 1080 0.648148
0538.jpg 700 1080 0.648148
0539.jpg 700 1080 0.648148
0540.jpg 700 1080 0.648148
0541.jpg 700 1080 0.648148
0542.jpg 700 1080 0.648148
0543.jpg 700 1080 0.648148
0544.jpg 700 1080 0.648148
0545.jpg 700 1080 0.648148
0546.jpg 700 1080 0.648148
0547.jpg 700 1080 0.648148
0548.jpg 700 1080 0.648148
0549.jpg 700 1080 0.648148
0550.jpg 700 1080 0.648148
0551.jpg 700 1080 0.648148
0552.jpg 700 1080 0.648148
0553.jpg 700 1080 0.648148
0554.jpg 700 1080 0.648148
0555.jpg 700 1080 0.648148
0556.jpg 700 1080 0.648148
0557.jpg 700 1080 0.648148
0558.jpg 700 1080 0.648148
0559.jpg 700 1080 0.648148
0560.jpg 700 1080 0.648148
0561.jpg 700 1080 0.648148
0562.jpg 700 1080 0.648148
0563.jpg 700 1080 0.648148
0564.jpg 700 1080 0.648148
0565.jpg 700 1080 0.648148
0566.jpg 700 1080 0.648148
0567.jpg 700 1080 0.648148
0568.jpg 700 1080 0.648148
0569.jpg 700 1080 0.648148
0570.jpg 700 1080 0.648148
0571.jpg 700 1080 0.648148
0572.jpg 700 1080 0.648148
0573.jpg 700 1080 0.648148
0574.jpg 700 1080 0.648148
0575.jpg 700 1080 0.648148
0576.jpg 700 1080 0.648148
0577.jpg 700 1080 0.648148
0578.jpg 700 1080 0.648148
0579.jpg 700 1080 0.648148
0580.jpg 700 1080 0.648148
0581.jpg 700 1080 0.648148
0582.jpg 700 1080 0.648148
0583.jpg 700 1080 0.648148
0584.jpg 700 1080 0.648148
0585.jpg 700 1080 0.648148
0586.jpg 700 1080 0.648148
0587.jpg 700 1080 0.648148
0588.jpg 700 1080 0.648148
0589.jpg 700 1080 0.648148
0590.jpg 700 1080 0.648148
0591.jpg 700 1080 0.648148
0592.jpg 700 1080 0.648148
0593.jpg 700 1080 0.648148
0594.jpg 700 1080 0.648148
0595.jpg 700 1080 0.648148
0596.jpg 700 1080 0.648148
0597.jpg 700 1080 0.648148
0598.jpg 700 1080 0.648148
0599.jpg 700 1080 0.648148
0600.jpg 700 1080 0.648148
0601.jpg 700 1080 0.648148
0602.jpg 700 1080 0.648148
0603.jpg 700 1080 0.648148
0604.jpg 700 1080 0.648148
0605.jpg 700 1080 0.648148
0606.jpg 700 1080 0.648148
0607.jpg 700 1080 0.648148
0608.jpg 700 1080 0.648148
0609.jpg 700 1080 0.648148
0610.jpg 700 1080 0.648148
0611.jpg 700 1080 0.648148
0612.jpg 700 1080 0.648148
0613.jpg 700 1080 0.648148
0614.jpg 700 1080 0.648148
0615.jpg 700 1080 0.648148
0616.jpg 700 1080 0.648148
0617.jpg 700 1080 0.648148
0618.jpg 700 1080 0.648148
0619.jpg 700 1080 0.648148
0620.jpg 700 1080 0.648148
0621.jpg 700 1080 0.648148
0622.jpg 700 1080 0.648148
0623.jpg 700 1080 0.648148
0624.jpg 700 1080 0.648148
0625.jpg 700 1080 0.648148
0626.jpg 700 1080 0.648148
0627.jpg 700 1080 0.648148
0628.jpg 700 1080 0.648148
0629.jpg 700 1080 0.648148
0630.jpg 700 1080 0.648148
0631.jpg 700 1080 0.648148
0632.jpg 700 1080 0.648148
0633.jpg 700 1080 0.648148
0634.jpg 700 1080 0.648148
0635.jpg 700 1080 0.648148
0636.jpg 700 1080 0.648148
0637.jpg 700 1080 0.648148
0638.jpg 700 1080 0.648148
0639.jpg 700 1080 0.648148
0640.jpg 700 1080 0.648148
0641.jpg 700 1080 0.648148
0642.jpg 700 1080 0.648148
0643.jpg 700 1080 0.648148
0644.jpg 700 1080 0.648148
0645.jpg 700 1080 0.648148
0646.jpg 700 1080 0.648148
0647.jpg 700 1080 0.648148
0648.jpg 700 1080 0.648148
0649.jpg 700 1080 0.648148
0650.jpg 700 1080 0.648148
0651.jpg 700 1080 0.648148
0652.jpg 700 1080 0.648148
0653.jpg 700 1080 0.648148
0654.jpg 700 1080 0.648148
0655.jpg 700 1080 0.648148
0656.jpg 700 1080 0.648148
0657.jpg 700 1080 0.648148
0658.jpg 700 1080 0.648148
0659.jpg 700 1080 0.648148
0660.jpg 700 1080 0.648148
0661.jpg 700 1080 0.648148
0662.jpg 700 1080 0.648148
0663.jpg 700 1080 0.648148
0664.jpg 700 1080 0.648148
0665.jpg 700 1080 0.648148
0666.jpg 700 1080 0.648148
0667.jpg 700 1080 0.648148
0668.jpg 700 1080 0.648148
0669.jpg 700 1080 0.648148
0670.jpg 700 1080 0.648148
0671.jpg 700 1080 0.648148
0672.jpg 700 1080 0.648148
0673.jpg 700 1080 0.648148
0674.jpg 700 1080 0.648148
0675.jpg 700 1080 0.648148
0676.jpg 700 1080 0.648148
0677.jpg 700 1080 0.648148
0678.jpg 700 1080 0.648148
0679.jpg 700 1080 0.648148
0680.jpg 700 1080 0.648148
0681.jpg 700 1080 0.648148
0682.jpg 700 1080 0.648148
0683.jpg 700 1080 0.648148
0684.jpg 700 1080 0.648148
0685.jpg 700 1080 0.648148
0686.jpg 700 1080 0.648148
0687.jpg 700 1080 0.648148
0688.jpg 700 1080 0.648148
0689.jpg 700 1080 0.648148
0690.jpg 700 1080 0.648148
0691.jpg 700 1080 0.648148
0692.jpg 700 1080 0.648148
0693.jpg 700 1080 0.648148
0694.jpg 700 1080 0.648148
0695.jpg 700 1080 0.648148
0696.jpg 700 1080 0.648148
0697.jpg 700 1080 0.648148
0698.jpg 700 1080 0.648148
0699.jpg 700 1080 0.648148
0700.jpg 700 1080 0.648148
0701.jpg 700 1080 0.648148
0702.jpg 700 1080 0.648148
0703.jpg 700 1080 0.648148
0704.jpg 700 1080 0.648148
0705.jpg 700 1080 0.648148
0706.jpg 700 1080 0.648148
0707.jpg 700 1080 0.648148
0708.jpg 700 1080 0.648148
0709.jpg 700 1080 0.648148
0710.jpg 700 1080 0.648148
0711.jpg 700 1080 0.648148
0712.jpg 700 1080 0.648148
0713.jpg 700 1080 0.648148
0714.jpg 700 1080 0.648148
0715.jpg 700 1080 0.648148
0716.jpg 700 1080 0.648148
0717.jpg 700 1080 0.648148
0718.jpg 700 1080 0.648148
0719.jpg 700 1080 0.648148
0720.jpg 700 1080 0.648148
0721.jpg 700 1080 0.648148
0722.jpg 700 1080 0.648148
0723.jpg 700 1080 0.648148
0724.jpg 700 1080 0.648148
0725.jpg 700 1080 0.648148
0726.jpg 700 1080 0.648148
0727.jpg 700 1080 0.648148
0728.jpg 700 1080 0.648148
0729.jpg 700 1080 0.648148
0730.jpg 700 1080 0.648148
0731.jpg 700 1080 0.648148
0732.jpg 700 1080 0.648148
0733.jpg 700 1080 0.648148
0734.jpg 700 1080 0.648148
0735.jpg 700 1080 0.648148
0736.jpg 700 1080 0.648148
0737.jpg 700 1080 0.648148
0738.jpg 700 1080 0.648148
0739.jpg 700 1080 0.648148
0740.jpg 700 1080 0.648148
0741.jpg 700 1080 0.648148
0742.jpg 700 1080 0.648148
0743.jpg 700 1080 0.648148
0744.jpg 700 1080 0.648148
0745.jpg 700 1080 0.648148
0746.jpg 700 1080 0.648148
0747.jpg 700 1080 0.648148
0748.jpg 700 1080 0.648148
0749.jpg 700 1080 0.648148
0750.jpg 700 1080 0.648148
0751.jpg 700 1080 0.648148
0752.jpg 700 1080 0.648148
0753.jpg 700 1080 0.648148
0754.jpg 700 1080 0.648148
0755.jpg 700 1080 0.648148
0756.jpg 700 1080 0.648148
0757.jpg 700 1080 0.648148
0758.jpg 700 1080 0.648148
0759.jpg 700 1080 0.648148
0760.jpg 700 1080 0.648148
0761.jpg 700 1080 0.648148
0762.jpg 700 1080 0.648148
0763.jpg 700 1080 0.648148
0764.jpg 700 1080 0.648148
0765.jpg 700 1080 0.648148
0766.jpg 700 1080 0.648148
0767.jpg 700 1080 0.648148
0768.jpg 700 1080 0.648148
0769.jpg 700 1080 0.648148
0770.jpg 700 1080 0.648148
0771.jpg 700 1080 0.648148
0772.jpg 700 1080 0.648148
0773.jpg 700 1080 0.648148
0774.jpg 700 1080 0.648148
0775.jpg 700 1080 0.648148
0776.jpg 700 1080 0.648148
0777.jpg 700 1080 0.648148
0778.jpg 700 1080 0.648148
0779.jpg 700 1080 0.648148
0780.jpg 700 1080 0.648148
0781.jpg 700 1080 0.648148
0782.jpg 700 1080 0.648148
0783.jpg 700 1080 0.648148
0784.jpg 700 1080 0.648148
0785.jpg 700 1080 0.648148
0786.jpg 700 1080 0.648148
0787.jpg 700 1080 0.648148
0788.jpg 700 1080 0.648148
0789.jpg 700 1080 0.648148
0790.jpg 700 1080 0.648148
0791.jpg 700 1080 0.648148
0792.jpg 700 1080 0.648148
0793.jpg 700 1080 0.648148
0794.jpg 700 1080 0.648148
0795.jpg 700 1080 0.648148
0796.jpg 700 1080 0.648148
0797.jpg 700 1080 0.648148
0798.jpg 700 1080 0.648148
0799.jpg 700 1080 0.648148
0800.jpg 700 1080 0.648148
0801.jpg 700 1080 0.648148
0802.jpg 700 1080 0.648148
0803.jpg 700 1080 0.648148
0804.jpg 700 1080 0.648148
0805.jpg 700 1080 0.648148
0806.jpg 700 1080 0.648148
0807.jpg 700 1080 0.648148
0808.jpg 700 1080 0.648148
0809.jpg 700 1080 0.648148
0810.jpg 700 1080 0.648148
0811.jpg 700 1080 0.648148
0812.jpg 700 1080 0.648148
0813.jpg 700 1080 0.648148
0814.jpg 700 1080 0.648148
0815.jpg 700 1080 0.648148
0816.jpg 700 1080 0.648148
0817.jpg 700 1080 0.648148
0818.jpg 700 1080 0.648148
0819.jpg 700 1080 0.648148
0820.jpg 700 1080 0.648148
0821.jpg 700 1080 0.648148
0822.jpg 700 1080 0.648148
0823.jpg 700 1080 0.648148
0824.jpg 700 1080 0.648148
0825.jpg 700 1080 0.648148
0826.jpg 700 1080 0.648148
0827.jpg 700 1080 0.648148
0828.jpg 700 1080 0.648148
0829.jpg 700 1080 0.648148
0830.jpg 700 1080 0.648148
0831.jpg 700 1080 0.648148
0832.jpg 700 1080 0.648148
0833.jpg 700 1080 0.648148
0834.jpg 700 1080 0.648148
0835.jpg 700 1080 0.648148
0836.jpg 700 1080 0.648148
0837.jpg 700 1080 0.648148
0838.jpg 700 1080 0.648148
0839.jpg 700 1080 0.648148
0840.jpg 700 1080 0.648148
0841.jpg 700 1080 0.648148
0842.jpg 700 1080 0.648148
0843.jpg 700 1080 0.648148
0844.jpg 700 1080 0.648148
0845.jpg 700 1080 0.648148
0846.jpg 700 1080 0.648148
0847.jpg 700 1080 0.648148
0848.jpg 700 1080 0.648148
0849.jpg 700 1080 0.648148
0850.jpg 700 1080 0.648148
0851.jpg 700 1080 0.648148
0852.jpg 700 1080 0.648148
0853.jpg 700 1080 0.648148
0854.jpg 700 1080 0.648148
0855.jpg 700 1080 0.648148
0856.jpg 700 1080 0.648148
0857.jpg 700 1080 0.648148
0858.jpg 700 1080 0.648148
0859.jpg 700 1080 0.648148
0860.jpg 700 1080 0.648148
0861.jpg 700 1080 0.648148
0862.jpg 700 1080 0.648148
0863.jpg 700 1080 0.648148
0864.jpg 700 1080 0.648148
0865.jpg 700 1080 0.648148
0866.jpg 700 1080 0.648148
0867.jpg 700 1080 0.648148
0868.jpg 700 1080 0.648148
0869.jpg 700 1080 0.648148
0870.jpg 700 1080 0.648148
0871.jpg 700 1080 0.648148
0872.jpg 700 1080 0.648148
0873.jpg 700 1080 0.648148
0874.jpg 700 1080 0.648148
0875.jpg 700 1080 0.648148
0876.jpg 700 1080 0.648148
0877.jpg 700 1080 0.648148
0878.jpg 700 1080 0.648148
0879.jpg 700 1080 0.648148
0880.jpg 700 1080 0.648148
0881.jpg 700 1080 0.648148
0882.jpg 700 1080 0.648148
0883.jpg 700 1080 0.648148
0884.jpg 700 1080 0.648148
0885.jpg 700 1080 0.648148
0886.jpg 700 1080 0.648148
0887.jpg 700 1080 0.648148
0888.jpg 700 1080 0.648148
0889.jpg 700 1080 0.648148
0890.jpg 700 1080 0.648148
0891.jpg 700 1080 0.648148
0892.jpg 700 1080 0.648148
0893.jpg 700 1080 0.648148
0894.jpg 700 1080 0.648148
0895.jpg 700 1080 0.648148
0896.jpg 700 1080 0.648148
0897.jpg 700 1080 0.648148
0898.jpg 700 1080 0.648148
0899.jpg 700 1080 0.648148
0900.jpg 700 1080 0.648148
0901.jpg 700 1080 0.648148
0902.jpg 700 1080 0.648148
0903.jpg 700 1080 0.648148
0904.jpg 700 1080 0.648148
0905.jpg 700 1080 0.648148
0906.jpg 700 1080 0.648148
0907.jpg 700 1080 0.648148
0908.jpg 700 1080 0.648148
0909.jpg 700 1080 0.648148
0910.jpg 700 1080 0.648148
0911.jpg 700 1080 0.648148
0912.jpg 700 1080 0.648148
0913.jpg 700 1080 0.648148
0914.jpg 700 1080 0.648148
0915.jpg 700 1080 0.648148
0916.jpg 700 1080 0.648148
0917.jpg 700 1080 0.648148
0918.jpg 700 1080 0.648148
0919.jpg 700 1080 0.648148
0920.jpg 700 1080 0.648148
0921.jpg 700 1080 0.648148
0922.jpg 700 1080 0.648148
0923.jpg 700 1080 0.648148
0924.jpg 700 1080 0.648148
0925.jpg 700 1080 0.648148
0926.jpg 700 1080 0.648148
0927.jpg 700 1080 0.648148
0928.jpg 700 1080 0.648148
0929.jpg 700 1080 0.648148
0930.jpg 700 1080 0.648148
0931.jpg 700 1080 0.648148
0932.jpg 700 1080 0.648148
0933.jpg 700 1080 0.648148
0934.jpg 700 1080 0.648148
0935.jpg 700 1080 0.648148
0936.jpg 700 1080 0.648148
0937.jpg 700 1080 0.648148
0938.jpg 700 1080 0.648148
0939.jpg 700 1080 0.648148
0940.jpg 700 1080 0.648148
0941.jpg 700 1080 0.648148
0942.jpg 700 1080 0.648148
0943.jpg 700 1080 0.648148
0944.jpg 700 1080 0.648148
0945.jpg 700 1080 0.648148
0946.jpg 700 1080 0.648148
0947.jpg 700 1080 0.648148
0948.jpg 700 1080 0.648148
0949.jpg 700 1080 0.648148
0950.jpg 700 1080 0.648148
0951.jpg 700 1080 0.648148
0952.jpg 700 1080 0.648148
0953.jpg 700 1080 0.648148
0954.jpg 700 1080 0.648148
0955.jpg 700 1080 0.648148
0956.jpg 700 1080 0.648148
0957.jpg 700 1080 0.648148
0958.jpg 700 1080 0.648148
0959.jpg 700 1080 0.648148
0960.jpg 700 1080 0.648148
0961.jpg 700 1080 0.648148
0962.jpg 700 1080 0.648148
0963.jpg 700 1080 0.648148
0964.jpg 700 1080 0.648148
0965.jpg 700 1080 0.648148
0966.jpg 700 1080 0.648148
0967.jpg 700 1080 0.648148
0968.jpg 700 1080 0.648148
0969.jpg 700 1080 0.648148
0970.jpg 700 1080 0.648148
0971.jpg 700 1080 0.648148
0972.jpg 700 1080 0.648148
0973.jpg 700 1080 0.648148
0974.jpg 700 1080 0.648148
0975.jpg 700 1080 0.648148
0976.jpg 700 1080 0.648148
0977.jpg 700 1080 0.648148
0978.jpg 700 1080 0.648148
0979.jpg 700 1080 0.648148
0980.jpg 700 1080 0.648148
0981.jpg 700 1080 0.648148
0982.jpg 700 1080 0.648148
0983.jpg 700 1080 0.648148
0984.jpg 700 1080 0.648148
0985.jpg 700 1080 0.648148
0986.jpg 700 1080 0.648148
0987.jpg 700 1080 0.648148
0988.jpg 700 1080 0.648148
0989.jpg 700 1080 0.648148
0990.jpg 700 1080 0.648148
0991.jpg 700 1080 0.648148
0992.jpg 700 1080 0.648148
0993.jpg 700 1080 0.648148
0994.jpg 700 1080 0.648148
0995.jpg 700 1080 0.648148
0996.jpg 700 1080 0.648148
0997.jpg 700 1080 0.648148
0998.jpg 700 1080 0.648148
0999.jpg 700 1080 0.648148
1000.jpg 700 1080 0.648148
1001.jpg 700 1080 0.648148
1002.jpg 700 1080 0.648148
1003.jpg 700 1080 0.648148
1004.jpg 700 1080 0.648148
1005.jpg 700 1080 0.648148
1006.jpg 700 1080 0.648148
1007.jpg 700 1080 0.648148
1008.jpg 700 1080 0.648148
1009.jpg 700 1080 0.648148
1010.jpg 700 1080 0.648148
1011.jpg 700 1080 0.648148
1012.jpg 700 1080 0.648148
1013.jpg 700 1080 0.648148
1014.jpg 700 1080 0.648148
1015.jpg 700 1080 0.648148
1016.jpg 700 1080 0.648148
1017.jpg 700 1080 0.648148
1018.jpg 700 1080 0.648148
1019.jpg 700 1080 0.648148
1020.jpg 700 1080 0.648148
1021.jpg 700 1080 0.648148
1022.jpg 700 1080 0.648148
1023.jpg 700 1080 0.648148
1024.jpg 700 1080 0.648148
1025.jpg 700 1080 0.648148
1026.jpg 700 1080 0.648148
1027.jpg 700 1080 0.648148
1028.jpg 700 1080 0.648148
1029.jpg 700 1080 0.648148
1030.jpg 700 1080 0.648148
1031.jpg 700 1080 0.648148
1032.jpg 700 1080 0.648148
1033.jpg 700 1080 0.648148
1034.jpg 700 1080 0.648148
1035.jpg 700 1080 0.648148
1036.jpg 700 1080 0.648148
1037.jpg 700 1080 0.648148
1038.jpg 700 1080 0.648148
1039.jpg 700 1080 0.648148
1040.jpg 700 1080 0.648148
1041.jpg 700 1080 0.648148
1042.jpg 700 1080 0.648148
1043.jpg 700 1080 0.648148
1044.jpg 700 1080 0.648148
1045.jpg 700 1080 0.648148
1046.jpg 700 1080 0.648148
1047.jpg 700 1080 0.648148
1048.jpg 700 1080 0.648148
1049.jpg 700 1080 0.648148
1050.jpg 700 1080 0.648148
1051.jpg 700 1080 0.648148
1052.jpg 700 1080 0.648148
1053.jpg 700 1080 0.648148
1054.jpg 700 1080 0.648148
1055.jpg 700 1080 0.648148
1056.jpg 700 1080 0.648148
1057.jpg 700 1080 0.648148
1058.jpg 700 1080 0.648148
1059.jpg 700 1080 0.648148
1060.jpg 700 1080 0.648148
1061.jpg 700 1080 0.648148
1062.jpg 700 1080 0.648148
1063.jpg 700 1080 0.648148
1064.jpg 700 1080 0.648148
1065.jpg 700 1080 0.648148
1066.jpg 700 1080 0.648148
1067.jpg 700 1080 0.648148
1068.jpg 700 1080 0.648148
1069.jpg 700 1080 0.648148
1070.jpg 700 1080 0.648148
1071.jpg 700 1080 0.648148
1072.jpg 700 1080 0.648148
1073.jpg 700 1080 0.648148
1074.jpg 700 1080 0.648148
1075.jpg 700 1080 0.648148
1076.jpg 700 1080 0.648148
1077.jpg 700 1080 0.648148
1078.jpg 700 1080 0.648148
1079.jpg 700 1080 0.648148
1080.jpg 700 1080 0.648148
1081.jpg 700 1080 0.648148
1082.jpg 700 1080 0.648148
1083.jpg 700 1080 0.648148
1084.jpg 700 1080 0.648148
1085.jpg 700 1080 0.648148
1086.jpg 700 1080 0.648148
1087.jpg 700 1080 0.648148
1088.jpg 700 1080 0.648148
1089.jpg 700 1080 0.648148
1090.jpg 700 1080 0.648148
1091.jpg 700 1080 0.648148
1092.jpg 700 1080 0.648148
1093.jpg 700 1080 0.648148
1094.jpg 700 1080 0.648148
1095.jpg 700 1080 0.648148
1096.jpg 700 1080 0.648148
1097.jpg 700 1080 0.648148
1098.jpg 700 1080 0.648148
1099.jpg 700 1080 0.648148
1100.jpg 700 1080 0.648148
1101.jpg 700 1080 0.648148
1102.jpg 700 1080 0.648148
1103.jpg 700 1080 0.648148
1104.jpg 700 1080 0.648148
1105.jpg 700 1080 0.648148
1106.jpg 700 1080 0.648148
1107.jpg 700 1080 0.648148
1108.jpg 700 1080 0.648148
1109.jpg 700 1080 0.648148
1110.jpg 700 1080 0.648148
1111.jpg 700 1080 0.648148
1112.jpg 700 1080 0.648148
1113.jpg 700 1080 0.648148
1114.jpg 700 1080 0.648148
1115.jpg 700 1080 0.648148
1116.jpg 700 1080 0.648148
1117.jpg 700 1080 0.648148
1118.jpg 700 1080 0.648148
1119.jpg 700 1080 0.648148
1120.jpg 700 1080 0.648148
1121.jpg 700 1080 0.648148
1122.jpg 700 1080 0.648148
1123.jpg 700 1080 0.648148
1124.jpg 700 1080 0.648148
1125.jpg 700 1080 0.648148
1126.jpg 700 1080 0.648148
1127.jpg 700 1080 0.648148
1128.jpg 700 1080 0.648148
1129.jpg 700 1080 0.648148
1130.jpg 700 1080 0.648148
1131.jpg 700 1080 0.648148
1132.jpg 700 1080 0.648148
1133.jpg 700 1080 0.648148
1134.jpg 700 1080 0.648148
1135.jpg 700 1080 0.648148
1136.jpg 700 1080 0.648148
1137.jpg 700 1080 0.648148
1138.jpg 700 1080 0.648148
1139.jpg 700 1080 0.648148
1140.jpg 700 1080 0.648148
1141.jpg 700 1080 0.648148
1142.jpg 700 1080 0.648148
1143.jpg 700 1080 0.648148
1144.jpg 700 1080 0.648148
1145.jpg 700 1080 0.648148
1146.jpg 700 1080 0.648148
1147.jpg 700 1080 0.648148
1148.jpg 700 1080 0.648148
1149.jpg 700 1080 0.648148
1150.jpg 700 1080 0.648148
1151.jpg 700 1080 0.648148
1152.jpg 700 1080 0.648148
1153.jpg 700 1080 0.648148
1154.jpg 700 1080 0.648148
1155.jpg 700 1080 0.648148
1156.jpg 700 1080 0.648148
1157.jpg 700 1080 0.648148
1158.jpg 700 1080 0.648148
1159.jpg 700 1080 0.648148
1160.jpg 700 1080 0.648148
1161.jpg 700 1080 0.648148
1162.jpg 700 1080 0.648148
1163.jpg 700 1080 0.648148
1164.jpg 700 1080 0.648148
1165.jpg 700 1080 0.648148
1166.jpg 700 1080 0.648148
1167.jpg 700 1080 0.648148
1168.jpg 700 1080 0.648148
1169.jpg 700 1080 0.648148
1170.jpg 700 1080 0.648148
1171.jpg 700 1080 0.648148
1172.jpg 700 1080 0.648148
1173.jpg 700 1080 0.648148
1174.jpg 700 1080 0.648148
1175.jpg 700 1080 0.648148
1176.jpg 700 1080 0.648148
1177.jpg 700 1080 0.648148
1178.jpg 700 1080 0.648148
1179.jpg 700 1080 0.648148
1180.jpg 700 1080 0.648148
1181.jpg 700 1080 0.648148
1182.jpg 700 1080 0.648148
1183.jpg 700 1080 0.648148
1184.jpg 700 1080 0.648148
1185.jpg 700 1080 0.648148
1186.jpg 700 1080 0.648148
1187.jpg 700 1080 0.648148
1188.jpg 700 1080 0.648148
1189.jpg 700 1080 0.648148
1190.jpg 700 1080 0.648148
1191.jpg 700 1080 0.648148
1192.jpg 700 1080 0.648148
1193.jpg 700 1080 0.648148
1194.jpg 700 1080 0.648148
1195.jpg 700 1080 0.648148
1196.jpg 700 1080 0.648148
1197.jpg 700 1080 0.648148
1198.jpg 700 1080 0.648148
1199.jpg 700 1080 0.648148
1200.jpg 700 1080 0.648148
1201.jpg 700 1080 0.648148
1202.jpg 700 1080 0.648148
1203.jpg 700 1080 0.648148
1204.jpg 700 1080 0.648148
1205.jpg 700 1080 0.648148
1206.jpg 700 1080 0.648148
1207.jpg 700 1080 0.648148
1208.jpg 700 1080 0.648148
1209.jpg 700 1080 0.648148
1210.jpg 700 1080 0.648148
1211.jpg 700 1080 0.648148
1212.jpg 700 1080 0.648148
1213.jpg 700 1080 0.648148
1214.jpg 700 1080 0.648148
1215.jpg 700 1080 0.648148
1216.jpg 700 1080 0.648148
1217.jpg 700 1080 0.648148
1218.jpg 700 1080 0.648148
1219.jpg 700 1080 0.648148
1220.jpg 700 1080 0.648148
1221.jpg 700 1080 0.648148
1222.jpg 700 1080 0.648148
1223.jpg 700 1080 0.648148
1224.jpg 700 1080 0.648148
1225.jpg 700 1080 0.648148
1226.jpg 700 1080 0.648148
1227.jpg 700 1080 0.648148
1228.jpg 700 1080 0.648148
1229.jpg 700 1080 0.648148
1230.jpg 700 1080 0.648148
1231.jpg 700 1080 0.648148
1232.jpg 700 1080 0.648148
1233.jpg 700 1080 0.648148
1234.jpg 700 1080 0.648148
1235.jpg 700 1080 0.648148
1236.jpg 700 1080 0.648148
1237.jpg 700 1080 0.648148
1238.jpg 700 1080 0.648148
1239.jpg 700 1080 0.648148
1240.jpg 700 1080 0.648148
1241.jpg 700 1080 0.648148
1242.jpg 700 1080 0.648148
1243.jpg 700 1080 0.648148
1244.jpg 700 1080 0.648148
1245.jpg 700 1080 0.648148
1246.jpg 700 1080 0.648148
1247.jpg 700 1080 0.648148
1248.jpg 700 1080 0.648148
1249.jpg 700 1080 0.648148
1250.jpg 700 1080 0.648148
1251.jpg 700 1080 0.648148
1252.jpg 700 1080 0.648148
1253.jpg 700 1080 0.648148
1254.jpg 700 1080 0.648148
1255.jpg 700 1080 0.648148
1256.jpg 700 1080 0.648148
1257.jpg 700 1080 0.648148
1258.jpg 700 1080 0.648148
1259.jpg 700 1080 0.648148
1260.jpg 700 1080 0.648148
1261.jpg 700 1080 0.648148
1262.jpg 700 1080 0.648148
1263.jpg 700 1080 0.648148
1264.jpg 700 1080 0.648148
1265.jpg 700 1080 0.648148
1266.jpg 700 1080 0.648148
1267.jpg 700 1080 0.648148
1268.jpg 700 1080 0.648148
1269.jpg 700 1080 0.648148
1270.jpg 700 1080 0.648148
1271.jpg 700 1080 0.648148
1272.jpg 700 1080 0.648148
1273.jpg 700 1080 0.648148
1274.jpg 700 1080 0.648148
1275.jpg 700 1080 0.648148
1276.jpg 700 1080 0.648148
1277.jpg 700 1080 0.648148
1278.jpg 700 1080 0.648148
1279.jpg 700 1080 0.648148
1280.jpg 700 1080 0.648148
1281.jpg 700 1080 0.648148
1282.jpg 700 1080 0.648148
1283.jpg 700 1080 0.648148
1284.jpg 700 1080 0.648148
1285.jpg 700 1080 0.648148
1286.jpg 700 1080 0.648148
1287.jpg 700 1080 0.648148
1288.jpg 700 1080 0.648148
1289.jpg 700 1080 0.648148
1290.jpg 700 1080 0.648148
1291.jpg 700 1080 0.648148
1292.jpg 700 1080 0.648148
1293.jpg 700 1080 0.648148
1294.jpg 700 1080 0.648148
1295.jpg 700 1080 0.648148
1296.jpg 700 1080 0.648148
1297.jpg 700 1080 0.648148
1298.jpg 700 1080 0.648148
1299.jpg 700 1080 0.648148
1300.jpg 700 1080 0.648148
1301.jpg 700 1080 0.648148
1302.jpg 700 1080 0.648148
1303.jpg 700 1080 0.648148
1304.jpg 700 1080 0.648148
1305.jpg 700 1080 0.648148
1306.jpg 700 1080 0.648148
1307.jpg 700 1080 0.648148
1308.jpg 700 1080 0.648148
1309.jpg 700 1080 0.648148
1310.jpg 700 1080 0.648148
1311.jpg 700 1080 0.648148
1312.jpg 700 1080 0.648148
1313.jpg 700 1080 0.648148
1314.jpg 700 1080 0.648148
1315.jpg 700 1080 0.648148
1316.jpg 700 1080 0.648148
1317.jpg 700 1080 0.648148
1318.jpg 700 1080 0.648148
1319.jpg 700 1080 0.648148
1320.jpg 700 1080 0.648148
1321.jpg 700 1080 0.648148
1322.jpg 700 1080 0.648148
1323.jpg 700 1080 0.648148
1324.jpg 700 1080 0.648148
1325.jpg 700 1080 0.648148
1326.jpg 700 1080 0.648148
1327.jpg 700 1080 0.648148
1328.jpg 700 1080 0.648148
1329.jpg 700 1080 0.648148
1330.jpg 700 1080 0.648148
1331.jpg 700 1080 0.648148
1332.jpg 700 1080 0.648148
1333.jpg 700 1080 0.648148
1334.jpg 700 1080 0.648148
1335.jpg 700 1080 0.648148
1336.jpg 700 1080 0.648148
1337.jpg 700 1080 0.648148
1338.jpg 700 1080 0.648148
1339.jpg 700 1080 0.648148
1340.jpg 700 1080 0.648148
1341.jpg 700 1080 0.648148
1342.jpg 700 1080 0.648148
1343.jpg 700 1080 0.648148
1344.jpg 700 1080 0.648148
1345.jpg 700 1080 0.648148
1346.jpg 700 1080 0.648148
1347.jpg 700 1080 0.648148
1348.jpg 700 1080 0.648148
1349.jpg 700 1080 0.648148
1350.jpg 700 1080 0.648148
1351.jpg 700 1080 0.648148
1352.jpg 700 1080 0.648148
1353.jpg 700 1080 0.648148
1354.jpg 700 1080 0.648148
1355.jpg 700 1080 0.648148
1356.jpg 700 1080 0.648148
1357.jpg 700 1080 0.648148
1358.jpg 700 1080 0.648148
1359.jpg 700 1080 0.648148
1360.jpg 700 1080 0.648148
1361.jpg 700 1080 0.648148
1362.jpg 700 1080 0.648148
1363.jpg 700 1080 0.648148
1364.jpg 700 1080 0.648148
1365.jpg 700 1080 0.648148
1366.jpg 700 1080 0.648148
1367.jpg 700 1080 0.648148
1368.jpg 700 1080 0.648148
1369.jpg 700 1080 0.648148
1370.jpg 700 1080 0.648148
1371.jpg 700 1080 0.648148
1372.jpg 700 1080 0.648148
1373.jpg 700 1080 0.648148
1374.jpg 700 1080 0.648148
1375.jpg 700 1080 0.648148
1376.jpg 700 1080 0.648148
1377.jpg 700 1080 0.648148
1378.jpg 700 1080 0.648148
1379.jpg 700 1080 0.648148
1380.jpg 700 1080 0.648148
1381.jpg 700 1080 0.648148
1382.jpg 700 1080 0.648148
1383.jpg 700 1080 0.648148
1384.jpg 700 1080 0.648148
1385.jpg 700 1080 0.648148
1386.jpg 700 1080 0.648148
1387.jpg 700 1080 0.648148
1388.jpg 700 1080 0.648148
1389.jpg 700 1080 0.648148
1390.jpg 700 1080 0.648148
1391.jpg 700 1080 0.648148
1392.jpg 700 1080 0.648148
1393.jpg 700 1080 0.648148
1394.jpg 700 1080 0.648148
1395.jpg 700 1080 0.648148
1396.jpg 700 1080 0.648148
1397.jpg 700 1080 0.648148
1398.jpg 700 1080 0.648148
1399.jpg 700 1080 0.648148
1400.jpg 700 1080 0.648148
1401.jpg 700 1080 0.648148
1402.jpg 700 1080 0.648148
1403.jpg 700 1080 0.648148
1404.jpg 700 1080 0.648148
1405.jpg 700 1080 0.648148
1406.jpg 700 1080 0.648148
1407.jpg 700 1080 0.648148
1408.jpg 700 1080 0.648148
1409.jpg 700 1080 0.648148
1410.jpg 700 1080 0.648148
1411.jpg 700 1080 0.648148
1412.jpg 700 1080 0.648148
1413.jpg 700 1080 0.648148
1414.jpg 700 1080 0.648148
1415.jpg 700 1080 0.648148
1416.jpg 700 1080 0.648148
1417.jpg 700 1080 0.648148
1418.jpg 700 1080 0.648148
1419.jpg 700 1080 0.648148
1420.jpg 700 1080 0.648148
1421.jpg 700 1080 0.648148
1422.jpg 700 1080 0.648148
1423.jpg 700 1080 0.648148
1424.jpg 700 1080 0.648148
1425.jpg 700 1080 0.648148
1426.jpg 700 1080 0.648148
1427.jpg 700 1080 0.648148
1428.jpg 700 1080 0.648148
1429.jpg 700 1080 0.648148
1430.jpg 700 1080 0.648148
1431.jpg 700 1080 0.648148
1432.jpg 700 1080 0.648148
1433.jpg 700 1080 0.648148
1434.jpg 700 1080 0.648148
1435.jpg 700 1080 0.648148
1436.jpg 700 1080 0.648148
1437.jpg 700 1080 0.648148
1438.jpg 700 1080 0.648148
1439.jpg 700 1080 0.648148
1440.jpg 700 1080 0.648148
1441.jpg 700 1080 0.648148
1442.jpg 700 1080 0.648148
1443.jpg 700 1080 0.648148
1444.jpg 700 1080 0.648148
1445.jpg 700 1080 0.648148
1446.jpg 700 1080 0.648148
1447.jpg 700 1080 0.648148
1448.jpg 700 1080 0.648148
1449.jpg 700 1080 0.648148
1450.jpg 700 1080 0.648148
1451.jpg 700 1080 0.648148
1452.jpg 700 1080 0.648148
1453.jpg 700 1080 0.648148
1454.jpg 700 1080 0.648148
1455.jpg 700 1080 0.648148
1456.jpg 700 1080 0.648148
1457.jpg 700 1080 0.648148
1458.jpg 700 1080 0.648148
1459.jpg 700 1080 0.648148
1460.jpg 700 1080 0.648148
1461.jpg 700 1080 0.648148
1462.jpg 700 1080 0.648148
1463.jpg 700 1080 0.648148
1464.jpg 700 1080 0.648148
1465.jpg 700 1080 0.648148
1466.jpg 700 1080 0.648148
1467.jpg 700 1080 0.648148
1468.jpg 700 1080 0.648148
1469.jpg 700 1080 0.648148
1470.jpg 700 1080 0.648148
1471.jpg 700 1080 0.648148
1472.jpg 700 1080 0.648148
1473.jpg 700 1080 0.648148
1474.jpg 700 1080 0.648148
1475.jpg 700 1080 0.648148
1476.jpg 700 1080 0.648148
1477.jpg 700 1080 0.648148
1478.jpg 700 1080 0.648148
1479.jpg 700 1080 0.648148
1480.jpg 700 1080 0.648148
1481.jpg 700 1080 0.648148
1482.jpg 700 1080 0.648148
1483.jpg 700 1080 0.648148
1484.jpg 700 1080 0.648148
1485.jpg 700 1080 0.648148
1486.jpg 700 1080 0.648148
1487.jpg 700 1080 0.648148
1488.jpg 700 1080 0.648148
1489.jpg 700 1080 0.648148
1490.jpg 700 1080 0.648148
1491.jpg 700 1080 0.648148
1492.jpg 700 1080 0.648148
1493.jpg 700 1080 0.648148
1494.jpg 700 1080 0.648148
1495.jpg 700 1080 0.648148
1496.jpg 700 1080 0.648148
1497.jpg 700 1080 0.648148
1498.jpg 700 1080 0.648148
1499.jpg 700 1080 0.648148
1500.jpg 700 1080 0.648148
1501.jpg 700 1080 0.648148
1502.jpg 700 1080 0.648148
1503.jpg 700 1080 0.648148
1504.jpg 700 1080 0.648148
1505.jpg 700 1080 0.648148
1506.jpg 700 1080 0.648148
1507.jpg 700 1080 0.648148
1508.jpg 700 1080 0.648148
1509.jpg 700 1080 0.648148
1510.jpg 700 1080 0.648148
1511.jpg 700 1080 0.648148
1512.jpg 700 1080 0.648148
1513.jpg 700 1080 0.648148
1514.jpg 700 1080 0.648148
1515.jpg 700 1080 0.648148
1516.jpg 700 1080 0.648148
1517.jpg 700 1080 0.648148
1518.jpg 700 1080 0.648148
1519.jpg 700 1080 0.648148
1520.jpg 700 1080 0.648148
1521.jpg 700 1080 0.648148
1522.jpg 700 1080 0.648148
1523.jpg 700 1080 0.648148
1524.jpg 700 1080 0.648148
1525.jpg 700 1080 0.648148
1526.jpg 700 1080 0.648148
1527.jpg 700 1080 0.648148
