4000.jpg 8640 1080 8
4001.jpg 8640 1080 8
4002.jpg 8640 1080 8
4003.jpg 8640 1080 8
4004.jpg 8640 1080 8
4005.jpg 8640 1080 8
4006.jpg 8640 1080 8
4007.jpg 8640 1080 8
4008.jpg 8640 1080 8
4009.jpg 8640 1080 8
4010.jpg 8640 1080 8
4011.jpg 8640 1080 8
4012.jpg 8640 1080 8
4013.jpg 8640 1080 8
4014.jpg 8640 1080 8
4015.jpg 8640 1080 8
4016.jpg 8640 1080 8
4017.jpg 8640 1080 8
4018.jpg 8640 1080 8
4019.jpg 8640 1080 8
4020.jpg 8640 1080 8
4021.jpg 8640 1080 8
4022.jpg 8640 1080 8
4023.jpg 8640 1080 8
4024.jpg 8640 1080 8
4025.jpg 8640 1080 8
4026.jpg 8640 1080 8
4027.jpg 8640 1080 8
4028.jpg 8640 1080 8
4029.jpg 8640 1080 8
4030.jpg 8640 1080 8
4031.jpg 8640 1080 8
4032.jpg 8640 1080 8
4033.jpg 8640 1080 8
4034.jpg 8640 1080 8
4035.jpg 8640 1080 8
4036.jpg 8640 1080 8
4037.jpg 8640 1080 8
4038.jpg 8640 1080 8
4039.jpg 8640 1080 8
4040.jpg 8640 1080 8
4041.jpg 8640 1080 8
4042.jpg 8640 1080 8
4043.jpg 8640 1080 8
4044.jpg 8640 1080 8
4045.jpg 8640 1080 8
4046.jpg 8640 1080 8
4047.jpg 8640 1080 8
4048.jpg 8640 1080 8
4049.jpg 8640 1080 8
4050.jpg 8640 1080 8
4051.jpg 8640 1080 8
4052.jpg 8640 1080 8
4053.jpg 8640 1080 8
4054.jpg 8640 1080 8
4055.jpg 8640 1080 8
4056.jpg 8640 1080 8
4057.jpg 8640 1080 8
4058.jpg 8640 1080 8
4059.jpg 8640 1080 8
4060.jpg 8640 1080 8
4061.jpg 8640 1080 8
4062.jpg 8640 1080 8
4063.jpg 8640 1080 8
4064.jpg 8640 1080 8
4065.jpg 8640 1080 8
4066.jpg 8640 1080 8
4067.jpg 8640 1080 8
4068.jpg 8640 1080 8
4069.jpg 8640 1080 8
4070.jpg 8640 1080 8
4071.jpg 8640 1080 8
