0000.jpg 5760 1080 5.33333
0001.jpg 5760 1080 5.33333
0002.jpg 5760 1080 5.33333
0003.jpg 5760 1080 5.33333
0004.jpg 5760 1080 5.33333
0005.jpg 5760 1080 5.33333
0006.jpg 5760 1080 5.33333
0007.jpg 5760 1080 5.33333
0008.jpg 5760 1080 5.33333
0009.jpg 5760 1080 5.33333
0010.jpg 5760 1080 5.33333
0011.jpg 5760 1080 5.33333
0012.jpg 5760 1080 5.33333
0013.jpg 5760 1080 5.33333
0014.jpg 5760 1080 5.33333
0015.jpg 5760 1080 5.33333
0016.jpg 5760 1080 5.33333
0017.jpg 5760 1080 5.33333
0018.jpg 5760 1080 5.33333
0019.jpg 5760 1080 5.33333
0020.jpg 5760 1080 5.33333
0021.jpg 5760 1080 5.33333
0022.jpg 5760 1080 5.33333
0023.jpg 5760 1080 5.33333
0024.jpg 5760 1080 5.33333
0025.jpg 5760 1080 5.33333
0026.jpg 5760 1080 5.33333
0027.jpg 5760 1080 5.33333
0028.jpg 5760 1080 5.33333
0029.jpg 5760 1080 5.33333
0030.jpg 5760 1080 5.33333
0031.jpg 5760 1080 5.33333
0032.jpg 5760 1080 5.33333
0033.jpg 5760 1080 5.33333
0034.jpg 5760 1080 5.33333
0035.jpg 5760 1080 5.33333
0036.jpg 5760 1080 5.33333
0037.jpg 5760 1080 5.33333
0038.jpg 5760 1080 5.33333
0039.jpg 5760 1080 5.33333
0040.jpg 5760 1080 5.33333
0042.jpg 5760 1080 5.33333
0043.jpg 5760 1080 5.33333
0044.jpg 5760 1080 5.33333
0045.jpg 5760 1080 5.33333
0046.jpg 5760 1080 5.33333
0047.jpg 5760 1080 5.33333
0048.jpg 5760 1080 5.33333
0049.jpg 5760 1080 5.33333
0050.jpg 5760 1080 5.33333
0051.jpg 5760 1080 5.33333
0052.jpg 5760 1080 5.33333
0053.jpg 5760 1080 5.33333
0054.jpg 5760 1080 5.33333
0055.jpg 5760 1080 5.33333
0056.jpg 5760 1080 5.33333
0057.jpg 5760 1080 5.33333
0058.jpg 5760 1080 5.33333
0059.jpg 5760 1080 5.33333
0060.jpg 5760 1080 5.33333
0061.jpg 5760 1080 5.33333
0062.jpg 5760 1080 5.33333
0063.jpg 5760 1080 5.33333
0064.jpg 5760 1080 5.33333
0065.jpg 5760 1080 5.33333
0066.jpg 5760 1080 5.33333
0067.jpg 5760 1080 5.33333
0068.jpg 5760 1080 5.33333
0069.jpg 5760 1080 5.33333
0070.jpg 5760 1080 5.33333
0071.jpg 5760 1080 5.33333
0072.jpg 5760 1080 5.33333
0073.jpg 5760 1080 5.33333
0074.jpg 5760 1080 5.33333
0075.jpg 5760 1080 5.33333
0076.jpg 5760 1080 5.33333
0077.jpg 5760 1080 5.33333
0078.jpg 5760 1080 5.33333
0079.jpg 5760 1080 5.33333
0080.jpg 5760 1080 5.33333
0081.jpg 5760 1080 5.33333
0082.jpg 5760 1080 5.33333
0083.jpg 5760 1080 5.33333
0084.jpg 5760 1080 5.33333
0085.jpg 5760 1080 5.33333
0086.jpg 5760 1080 5.33333
0087.jpg 5760 1080 5.33333
0088.jpg 5760 1080 5.33333
0089.jpg 5760 1080 5.33333
0090.jpg 5760 1080 5.33333
0091.jpg 5760 1080 5.33333
0092.jpg 5760 1080 5.33333
0093.jpg 5760 1080 5.33333
0094.jpg 5760 1080 5.33333
0095.jpg 5760 1080 5.33333
0096.jpg 5760 1080 5.33333
0097.jpg 5760 1080 5.33333
0098.jpg 5760 1080 5.33333
0099.jpg 5760 1080 5.33333
0100.jpg 5760 1080 5.33333
0101.jpg 5760 1080 5.33333
0102.jpg 5760 1080 5.33333
0103.jpg 5760 1080 5.33333
0104.jpg 5760 1080 5.33333
0105.jpg 5760 1080 5.33333
0106.jpg 5760 1080 5.33333
0107.jpg 5760 1080 5.33333
0108.jpg 5760 1080 5.33333
0109.jpg 5760 1080 5.33333
0111.jpg 5760 1080 5.33333
0112.jpg 5760 1080 5.33333
0113.jpg 5760 1080 5.33333
0114.jpg 5760 1080 5.33333
0115.jpg 5760 1080 5.33333
0116.jpg 5760 1080 5.33333
0117.jpg 5760 1080 5.33333
0118.jpg 5760 1080 5.33333
0119.jpg 5760 1080 5.33333
0120.jpg 5760 1080 5.33333
0121.jpg 5760 1080 5.33333
0122.jpg 5760 1080 5.33333
0123.jpg 5760 1080 5.33333
0124.jpg 5760 1080 5.33333
0125.jpg 5760 1080 5.33333
0126.jpg 5760 1080 5.33333
0127.jpg 5760 1080 5.33333
0128.jpg 5760 1080 5.33333
0129.jpg 5760 1080 5.33333
0130.jpg 5760 1080 5.33333
0131.jpg 5760 1080 5.33333
0132.jpg 5760 1080 5.33333
0133.jpg 5760 1080 5.33333
0134.jpg 5760 1080 5.33333
0135.jpg 5760 1080 5.33333
0136.jpg 5760 1080 5.33333
0137.jpg 5760 1080 5.33333
0138.jpg 5760 1080 5.33333
0139.jpg 5760 1080 5.33333
0140.jpg 5760 1080 5.33333
0141.jpg 5760 1080 5.33333
0142.jpg 5760 1080 5.33333
0143.jpg 5760 1080 5.33333
0144.jpg 5760 1080 5.33333
0145.jpg 5760 1080 5.33333
0146.jpg 5760 1080 5.33333
0147.jpg 5760 1080 5.33333
0148.jpg 5760 1080 5.33333
0149.jpg 5760 1080 5.33333
0150.jpg 5760 1080 5.33333
0151.jpg 5760 1080 5.33333
0152.jpg 5760 1080 5.33333
0153.jpg 5760 1080 5.33333
0154.jpg 5760 1080 5.33333
0155.jpg 5760 1080 5.33333
0156.jpg 5760 1080 5.33333
0157.jpg 5760 1080 5.33333
0158.jpg 5760 1080 5.33333
0159.jpg 5760 1080 5.33333
0160.jpg 5760 1080 5.33333
0161.jpg 5760 1080 5.33333
0162.jpg 5760 1080 5.33333
0163.jpg 5760 1080 5.33333
0164.jpg 5760 1080 5.33333
0165.jpg 5760 1080 5.33333
0166.jpg 5760 1080 5.33333
0167.jpg 5760 1080 5.33333
0168.jpg 5760 1080 5.33333
0169.jpg 5760 1080 5.33333
0170.jpg 5760 1080 5.33333
0171.jpg 5760 1080 5.33333
0172.jpg 5760 1080 5.33333
0173.jpg 5760 1080 5.33333
0174.jpg 5760 1080 5.33333
0175.jpg 5760 1080 5.33333
0176.jpg 5760 1080 5.33333
0177.jpg 5760 1080 5.33333
0178.jpg 5760 1080 5.33333
0179.jpg 5760 1080 5.33333
0180.jpg 5760 1080 5.33333
0182.jpg 5760 1080 5.33333
0183.jpg 5760 1080 5.33333
0184.jpg 5760 1080 5.33333
0185.jpg 5760 1080 5.33333
0186.jpg 5760 1080 5.33333
0187.jpg 5760 1080 5.33333
0188.jpg 5760 1080 5.33333
0189.jpg 5760 1080 5.33333
0190.jpg 5760 1080 5.33333
0191.jpg 5760 1080 5.33333
0192.jpg 5760 1080 5.33333
0193.jpg 5760 1080 5.33333
0194.jpg 5760 1080 5.33333
0195.jpg 5760 1080 5.33333
0196.jpg 5760 1080 5.33333
0197.jpg 5760 1080 5.33333
0198.jpg 5760 1080 5.33333
0199.jpg 5760 1080 5.33333
0200.jpg 5760 1080 5.33333
0202.jpg 5760 1080 5.33333
0203.jpg 5760 1080 5.33333
0204.jpg 5760 1080 5.33333
0205.jpg 5760 1080 5.33333
0206.jpg 5760 1080 5.33333
0207.jpg 5760 1080 5.33333
0208.jpg 5760 1080 5.33333
0209.jpg 5760 1080 5.33333
0210.jpg 5760 1080 5.33333
0211.jpg 5760 1080 5.33333
0212.jpg 5760 1080 5.33333
0213.jpg 5760 1080 5.33333
0214.jpg 5760 1080 5.33333
0215.jpg 5760 1080 5.33333
0216.jpg 5760 1080 5.33333
0217.jpg 5760 1080 5.33333
0218.jpg 5760 1080 5.33333
0219.jpg 5760 1080 5.33333
0220.jpg 5760 1080 5.33333
0221.jpg 5760 1080 5.33333
0222.jpg 5760 1080 5.33333
0223.jpg 5760 1080 5.33333
0224.jpg 5760 1080 5.33333
0225.jpg 5760 1080 5.33333
0226.jpg 5760 1080 5.33333
0227.jpg 5760 1080 5.33333
0228.jpg 5760 1080 5.33333
0229.jpg 5760 1080 5.33333
0230.jpg 5760 1080 5.33333
0231.jpg 5760 1080 5.33333
0232.jpg 5760 1080 5.33333
0233.jpg 5760 1080 5.33333
0234.jpg 5760 1080 5.33333
5083.jpg 5760 1080 5.33333
5084.jpg 5760 1080 5.33333
5085.jpg 5760 1080 5.33333
5086.jpg 5760 1080 5.33333
5087.jpg 5760 1080 5.33333
5089.jpg 5760 1080 5.33333
5090.jpg 5760 1080 5.33333
5091.jpg 5760 1080 5.33333
5092.jpg 5760 1080 5.33333
5093.jpg 5760 1080 5.33333
5095.jpg 5760 1080 5.33333
5096.jpg 5760 1080 5.33333
5097.jpg 5760 1080 5.33333
5098.jpg 5760 1080 5.33333
5101.jpg 5760 1080 5.33333
5102.jpg 5760 1080 5.33333
5103.jpg 5760 1080 5.33333
5104.jpg 5760 1080 5.33333
