0000.jpg 708 1080 0.655556
0001.jpg 708 1080 0.655556
0002.jpg 708 1080 0.655556
0003.jpg 708 1080 0.655556
0004.jpg 708 1080 0.655556
0005.jpg 708 1080 0.655556
0006.jpg 708 1080 0.655556
0007.jpg 708 1080 0.655556
0008.jpg 708 1080 0.655556
0009.jpg 708 1080 0.655556
0010.jpg 708 1080 0.655556
0011.jpg 708 1080 0.655556
0012.jpg 708 1080 0.655556
0013.jpg 708 1080 0.655556
0014.jpg 708 1080 0.655556
0015.jpg 708 1080 0.655556
0016.jpg 708 1080 0.655556
0017.jpg 708 1080 0.655556
0018.jpg 708 1080 0.655556
0019.jpg 708 1080 0.655556
0020.jpg 708 1080 0.655556
0021.jpg 708 1080 0.655556
0022.jpg 708 1080 0.655556
0023.jpg 708 1080 0.655556
0024.jpg 708 1080 0.655556
0025.jpg 708 1080 0.655556
0026.jpg 708 1080 0.655556
0027.jpg 708 1080 0.655556
0028.jpg 708 1080 0.655556
0029.jpg 708 1080 0.655556
0030.jpg 708 1080 0.655556
0031.jpg 708 1080 0.655556
0032.jpg 708 1080 0.655556
0033.jpg 708 1080 0.655556
0034.jpg 708 1080 0.655556
0035.jpg 708 1080 0.655556
