4040.jpg 19200 2160 8.88889
4041.jpg 14720 1440 10.2222
4042.jpg 14720 1080 13.6296
4043.jpg 14080 2160 6.51852
4000.jpg 11520 1080 10.6667
4001.jpg 11520 1080 10.6667
4002.jpg 11520 1080 10.6667
4003.jpg 11520 1080 10.6667
4004.jpg 11520 1080 10.6667
4005.jpg 11520 1080 10.6667
4006.jpg 11520 1080 10.6667
4007.jpg 11520 1080 10.6667
4008.jpg 11520 1080 10.6667
4009.jpg 11520 1080 10.6667
4010.jpg 11520 1080 10.6667
4011.jpg 11520 1080 10.6667
4012.jpg 11520 1080 10.6667
4013.jpg 11520 1080 10.6667
4014.jpg 11520 1080 10.6667
4015.jpg 11520 1080 10.6667
4016.jpg 11520 1080 10.6667
4017.jpg 11520 1080 10.6667
4018.jpg 11520 1080 10.6667
4019.jpg 11520 1080 10.6667
4020.jpg 11520 1080 10.6667
4021.jpg 11520 1080 10.6667
4022.jpg 11520 1080 10.6667
4023.jpg 11520 1080 10.6667
4024.jpg 11520 1080 10.6667
4025.jpg 11520 1080 10.6667
4026.jpg 11520 1080 10.6667
4027.jpg 11520 1080 10.6667
4028.jpg 11520 1080 10.6667
4029.jpg 11520 1080 10.6667
4030.jpg 11520 1080 10.6667
4031.jpg 11520 1080 10.6667
4032.jpg 11520 1080 10.6667
4033.jpg 11520 1080 10.6667
4034.jpg 11520 1080 10.6667
4035.jpg 11520 1080 10.6667
4036.jpg 11520 1080 10.6667
4037.jpg 11520 1080 10.6667
4038.jpg 11520 1080 10.6667
4039.jpg 11520 1080 10.6667
4044.jpg 11520 1080 10.6667
