0000.jpg 1233 1080 1.14167
0001.jpg 1233 1080 1.14167
0002.jpg 1233 1080 1.14167
0003.jpg 1233 1080 1.14167
0004.jpg 1233 1080 1.14167
0005.jpg 1233 1080 1.14167
0006.jpg 1233 1080 1.14167
0007.jpg 1233 1080 1.14167
0008.jpg 1233 1080 1.14167
0009.jpg 1233 1080 1.14167
0010.jpg 1233 1080 1.14167
0011.jpg 1233 1080 1.14167
0012.jpg 1233 1080 1.14167
0013.jpg 1233 1080 1.14167
0014.jpg 1233 1080 1.14167
0015.jpg 1233 1080 1.14167
0016.jpg 1233 1080 1.14167
0017.jpg 1233 1080 1.14167
0018.jpg 1233 1080 1.14167
0019.jpg 1233 1080 1.14167
0020.jpg 1233 1080 1.14167
0021.jpg 1233 1080 1.14167
0022.jpg 1233 1080 1.14167
0023.jpg 1233 1080 1.14167
0024.jpg 1233 1080 1.14167
0025.jpg 1233 1080 1.14167
0026.jpg 1233 1080 1.14167
0027.jpg 1233 1080 1.14167
0028.jpg 1233 1080 1.14167
0029.jpg 1233 1080 1.14167
0030.jpg 1233 1080 1.14167
0031.jpg 1233 1080 1.14167
0032.jpg 1233 1080 1.14167
0033.jpg 1233 1080 1.14167
0034.jpg 1233 1080 1.14167
0035.jpg 1233 1080 1.14167
