4021.jpg 869 1080 0.80463
4036.jpg 869 1080 0.80463
4014.jpg 868 1080 0.803704
4051.jpg 868 1080 0.803704
4042.jpg 867 1080 0.802778
4047.jpg 867 1080 0.802778
4058.jpg 867 1080 0.802778
4052.jpg 866 1080 0.801852
4056.jpg 866 1080 0.801852
4029.jpg 865 1080 0.800926
4044.jpg 865 1080 0.800926
4064.jpg 865 1080 0.800926
4071.jpg 865 1080 0.800926
4033.jpg 864 1080 0.8
4023.jpg 863 1080 0.799074
4043.jpg 863 1080 0.799074
4067.jpg 862 1080 0.798148
4059.jpg 861 1080 0.797222
4006.jpg 860 1080 0.796296
4000.jpg 859 1080 0.79537
4011.jpg 859 1080 0.79537
4026.jpg 859 1080 0.79537
4009.jpg 857 1080 0.793519
4053.jpg 857 1080 0.793519
4057.jpg 857 1080 0.793519
4015.jpg 856 1080 0.792593
4065.jpg 855 1080 0.791667
4068.jpg 855 1080 0.791667
4069.jpg 855 1080 0.791667
4027.jpg 854 1080 0.790741
4004.jpg 853 1080 0.789815
4022.jpg 853 1080 0.789815
4046.jpg 853 1080 0.789815
4049.jpg 852 1080 0.788889
4001.jpg 851 1080 0.787963
4013.jpg 851 1080 0.787963
4019.jpg 851 1080 0.787963
4003.jpg 850 1080 0.787037
4007.jpg 850 1080 0.787037
4048.jpg 850 1080 0.787037
4055.jpg 850 1080 0.787037
4070.jpg 850 1080 0.787037
4008.jpg 848 1080 0.785185
4020.jpg 848 1080 0.785185
4034.jpg 848 1080 0.785185
4025.jpg 847 1080 0.784259
4038.jpg 847 1080 0.784259
4063.jpg 847 1080 0.784259
4030.jpg 846 1080 0.783333
4054.jpg 846 1080 0.783333
4062.jpg 846 1080 0.783333
4018.jpg 845 1080 0.782407
4060.jpg 845 1080 0.782407
4017.jpg 844 1080 0.781481
4031.jpg 841 1080 0.778704
4002.jpg 840 1080 0.777778
4028.jpg 840 1080 0.777778
4040.jpg 840 1080 0.777778
4061.jpg 840 1080 0.777778
4045.jpg 839 1080 0.776852
4005.jpg 838 1080 0.775926
4024.jpg 838 1080 0.775926
4035.jpg 838 1080 0.775926
4016.jpg 836 1080 0.774074
4050.jpg 836 1080 0.774074
4066.jpg 836 1080 0.774074
4012.jpg 835 1080 0.773148
4039.jpg 835 1080 0.773148
4041.jpg 835 1080 0.773148
4010.jpg 834 1080 0.772222
4032.jpg 834 1080 0.772222
4037.jpg 834 1080 0.772222
