4000.jpg 8640 720 12
4001.jpg 8640 720 12
4002.jpg 8640 720 12
4003.jpg 8640 720 12
4004.jpg 8640 720 12
4005.jpg 8640 720 12
4006.jpg 8640 720 12
4007.jpg 8640 720 12
4008.jpg 8640 720 12
4009.jpg 8640 720 12
4010.jpg 8640 720 12
4011.jpg 8640 720 12
4012.jpg 8640 720 12
4013.jpg 8640 720 12
4014.jpg 8640 720 12
4015.jpg 8640 720 12
4016.jpg 8640 720 12
4017.jpg 8640 720 12
4018.jpg 8640 720 12
4019.jpg 8640 720 12
4020.jpg 8640 720 12
4021.jpg 8640 720 12
4022.jpg 8640 720 12
4023.jpg 8640 720 12
4024.jpg 8640 720 12
4025.jpg 8640 720 12
4026.jpg 8640 720 12
4027.jpg 8640 720 12
4028.jpg 8640 720 12
4029.jpg 8640 720 12
4030.jpg 8640 720 12
4031.jpg 8640 720 12
4032.jpg 8640 720 12
4033.jpg 8640 720 12
4034.jpg 8640 720 12
4035.jpg 8640 720 12
4036.jpg 8640 720 12
4037.jpg 8640 720 12
4038.jpg 8640 720 12
4039.jpg 8640 720 12
4040.jpg 8640 720 12
4041.jpg 8640 720 12
4042.jpg 8640 720 12
4043.jpg 8640 720 12
4044.jpg 8640 720 12
4045.jpg 8640 720 12
4046.jpg 8640 720 12
4047.jpg 8640 720 12
