0140.jpg 1080 1240 0.870968
0141.jpg 1080 1240 0.870968
0142.jpg 1080 1240 0.870968
0143.jpg 1080 1240 0.870968
0144.jpg 1080 1240 0.870968
0145.jpg 1080 1240 0.870968
0146.jpg 1080 1240 0.870968
0147.jpg 1080 1240 0.870968
0148.jpg 1080 1240 0.870968
0149.jpg 1080 1240 0.870968
0150.jpg 1080 1240 0.870968
0151.jpg 1080 1240 0.870968
0152.jpg 1080 1240 0.870968
0153.jpg 1080 1240 0.870968
0154.jpg 1080 1240 0.870968
0155.jpg 1080 1240 0.870968
0156.jpg 1080 1240 0.870968
0157.jpg 1080 1240 0.870968
0158.jpg 1080 1240 0.870968
0159.jpg 1080 1240 0.870968
0160.jpg 1080 1240 0.870968
0161.jpg 1080 1240 0.870968
0162.jpg 1080 1240 0.870968
0163.jpg 1080 1240 0.870968
0164.jpg 1080 1240 0.870968
0165.jpg 1080 1240 0.870968
0166.jpg 1080 1240 0.870968
0167.jpg 1080 1240 0.870968
0168.jpg 1080 1240 0.870968
0169.jpg 1080 1240 0.870968
0170.jpg 1080 1240 0.870968
0171.jpg 1080 1240 0.870968
0172.jpg 1080 1240 0.870968
0173.jpg 1080 1240 0.870968
0174.jpg 1080 1240 0.870968
0175.jpg 1080 1240 0.870968
0176.jpg 1080 1240 0.870968
0177.jpg 1080 1240 0.870968
0178.jpg 1080 1240 0.870968
0179.jpg 1080 1240 0.870968
0180.jpg 1080 1240 0.870968
0181.jpg 1080 1240 0.870968
0182.jpg 1080 1240 0.870968
0183.jpg 1080 1240 0.870968
0184.jpg 1080 1240 0.870968
0185.jpg 1080 1240 0.870968
