4000.jpg 750 1080 0.694444
4001.jpg 750 1080 0.694444
4002.jpg 750 1080 0.694444
4003.jpg 750 1080 0.694444
4004.jpg 750 1080 0.694444
4005.jpg 750 1080 0.694444
4006.jpg 750 1080 0.694444
4007.jpg 750 1080 0.694444
4008.jpg 750 1080 0.694444
4009.jpg 750 1080 0.694444
4010.jpg 750 1080 0.694444
4011.jpg 750 1080 0.694444
4012.jpg 750 1080 0.694444
4013.jpg 750 1080 0.694444
4014.jpg 750 1080 0.694444
4015.jpg 750 1080 0.694444
4016.jpg 750 1080 0.694444
4017.jpg 750 1080 0.694444
4018.jpg 750 1080 0.694444
4019.jpg 750 1080 0.694444
4020.jpg 750 1080 0.694444
4021.jpg 750 1080 0.694444
4022.jpg 750 1080 0.694444
4023.jpg 750 1080 0.694444
4024.jpg 750 1080 0.694444
4025.jpg 750 1080 0.694444
4026.jpg 750 1080 0.694444
4027.jpg 750 1080 0.694444
4028.jpg 750 1080 0.694444
4029.jpg 750 1080 0.694444
4030.jpg 750 1080 0.694444
4031.jpg 750 1080 0.694444
4032.jpg 750 1080 0.694444
4033.jpg 750 1080 0.694444
4034.jpg 750 1080 0.694444
4035.jpg 750 1080 0.694444
4036.jpg 750 1080 0.694444
4037.jpg 750 1080 0.694444
4038.jpg 750 1080 0.694444
4039.jpg 750 1080 0.694444
4040.jpg 750 1080 0.694444
4041.jpg 750 1080 0.694444
4042.jpg 750 1080 0.694444
4043.jpg 750 1080 0.694444
4044.jpg 750 1080 0.694444
4045.jpg 750 1080 0.694444
4046.jpg 750 1080 0.694444
4047.jpg 750 1080 0.694444
4048.jpg 750 1080 0.694444
4049.jpg 750 1080 0.694444
4050.jpg 750 1080 0.694444
4051.jpg 750 1080 0.694444
4052.jpg 750 1080 0.694444
4053.jpg 750 1080 0.694444
4054.jpg 750 1080 0.694444
4055.jpg 750 1080 0.694444
4056.jpg 750 1080 0.694444
4057.jpg 750 1080 0.694444
4058.jpg 750 1080 0.694444
4059.jpg 750 1080 0.694444
4060.jpg 750 1080 0.694444
4061.jpg 750 1080 0.694444
4062.jpg 750 1080 0.694444
4063.jpg 750 1080 0.694444
4064.jpg 750 1080 0.694444
4065.jpg 750 1080 0.694444
4066.jpg 750 1080 0.694444
4067.jpg 750 1080 0.694444
4068.jpg 750 1080 0.694444
4069.jpg 750 1080 0.694444
4070.jpg 750 1080 0.694444
4071.jpg 750 1080 0.694444
