0000.jpg 950 1440 0.659722
0002.jpg 950 1440 0.659722
0003.jpg 950 1440 0.659722
0004.jpg 950 1440 0.659722
0005.jpg 950 1440 0.659722
0006.jpg 950 1440 0.659722
0007.jpg 950 1440 0.659722
0008.jpg 950 1440 0.659722
0009.jpg 950 1440 0.659722
0010.jpg 950 1440 0.659722
0011.jpg 950 1440 0.659722
0012.jpg 950 1440 0.659722
0013.jpg 950 1440 0.659722
0014.jpg 950 1440 0.659722
0015.jpg 950 1440 0.659722
0016.jpg 950 1440 0.659722
0017.jpg 950 1440 0.659722
0018.jpg 950 1440 0.659722
0019.jpg 950 1440 0.659722
0020.jpg 950 1440 0.659722
0021.jpg 950 1440 0.659722
0022.jpg 950 1440 0.659722
0023.jpg 950 1440 0.659722
0024.jpg 950 1440 0.659722
0025.jpg 950 1440 0.659722
0026.jpg 950 1440 0.659722
0028.jpg 950 1440 0.659722
0029.jpg 950 1440 0.659722
0030.jpg 950 1440 0.659722
0031.jpg 950 1440 0.659722
0032.jpg 950 1440 0.659722
0033.jpg 950 1440 0.659722
0034.jpg 950 1440 0.659722
0035.jpg 950 1440 0.659722
0036.jpg 950 1440 0.659722
0038.jpg 950 1440 0.659722
0039.jpg 950 1440 0.659722
0040.jpg 950 1440 0.659722
0041.jpg 950 1440 0.659722
0042.jpg 950 1440 0.659722
0043.jpg 950 1440 0.659722
0044.jpg 950 1440 0.659722
0045.jpg 950 1440 0.659722
0046.jpg 950 1440 0.659722
0047.jpg 950 1440 0.659722
0048.jpg 950 1440 0.659722
0049.jpg 950 1440 0.659722
0050.jpg 950 1440 0.659722
0051.jpg 950 1440 0.659722
0052.jpg 950 1440 0.659722
0053.jpg 950 1440 0.659722
0054.jpg 950 1440 0.659722
0055.jpg 950 1440 0.659722
0056.jpg 950 1440 0.659722
0057.jpg 950 1440 0.659722
0058.jpg 950 1440 0.659722
0059.jpg 950 1440 0.659722
0060.jpg 950 1440 0.659722
0061.jpg 950 1440 0.659722
0063.jpg 950 1440 0.659722
0064.jpg 950 1440 0.659722
0065.jpg 950 1440 0.659722
0066.jpg 950 1440 0.659722
0067.jpg 950 1440 0.659722
0068.jpg 950 1440 0.659722
0069.jpg 950 1440 0.659722
0070.jpg 950 1440 0.659722
0071.jpg 950 1440 0.659722
0072.jpg 950 1440 0.659722
0073.jpg 950 1440 0.659722
0074.jpg 950 1440 0.659722
0075.jpg 950 1440 0.659722
0076.jpg 950 1440 0.659722
0077.jpg 950 1440 0.659722
0078.jpg 950 1440 0.659722
0079.jpg 950 1440 0.659722
0080.jpg 950 1440 0.659722
0081.jpg 950 1440 0.659722
0082.jpg 950 1440 0.659722
0083.jpg 950 1440 0.659722
0084.jpg 950 1440 0.659722
0085.jpg 950 1440 0.659722
0088.jpg 950 1440 0.659722
0089.jpg 950 1440 0.659722
0090.jpg 950 1440 0.659722
0091.jpg 950 1440 0.659722
0092.jpg 950 1440 0.659722
0093.jpg 950 1440 0.659722
0094.jpg 950 1440 0.659722
0095.jpg 950 1440 0.659722
0096.jpg 950 1440 0.659722
0097.jpg 950 1440 0.659722
0098.jpg 950 1440 0.659722
0099.jpg 950 1440 0.659722
0100.jpg 950 1440 0.659722
0101.jpg 950 1440 0.659722
0102.jpg 950 1440 0.659722
0103.jpg 950 1440 0.659722
0104.jpg 950 1440 0.659722
0105.jpg 950 1440 0.659722
0106.jpg 950 1440 0.659722
0107.jpg 950 1440 0.659722
0108.jpg 950 1440 0.659722
0109.jpg 950 1440 0.659722
0110.jpg 950 1440 0.659722
0111.jpg 950 1440 0.659722
0112.jpg 950 1440 0.659722
0113.jpg 950 1440 0.659722
0114.jpg 950 1440 0.659722
0115.jpg 950 1440 0.659722
0116.jpg 950 1440 0.659722
0117.jpg 950 1440 0.659722
0118.jpg 950 1440 0.659722
0119.jpg 950 1440 0.659722
0120.jpg 950 1440 0.659722
0121.jpg 950 1440 0.659722
0122.jpg 950 1440 0.659722
0123.jpg 950 1440 0.659722
0124.jpg 950 1440 0.659722
0125.jpg 950 1440 0.659722
0126.jpg 950 1440 0.659722
0127.jpg 950 1440 0.659722
0128.jpg 950 1440 0.659722
0129.jpg 950 1440 0.659722
0130.jpg 950 1440 0.659722
0131.jpg 950 1440 0.659722
0132.jpg 950 1440 0.659722
0133.jpg 950 1440 0.659722
0134.jpg 950 1440 0.659722
0135.jpg 950 1440 0.659722
0136.jpg 950 1440 0.659722
0137.jpg 950 1440 0.659722
0027.jpg 949 1440 0.659028
0001.jpg 947 1440 0.657639
0037.jpg 947 1440 0.657639
0062.jpg 947 1440 0.657639
0087.jpg 947 1440 0.657639
0138.jpg 947 1440 0.657639
0086.jpg 944 1440 0.655556
