4011.jpg 910 1080 0.842593
4003.jpg 909 1080 0.841667
4008.jpg 893 1080 0.826852
4034.jpg 885 1080 0.819444
4024.jpg 876 1080 0.811111
4007.jpg 868 1080 0.803704
4004.jpg 867 1080 0.802778
4020.jpg 861 1080 0.797222
4035.jpg 854 1080 0.790741
4033.jpg 831 1080 0.769444
4014.jpg 823 1080 0.762037
4001.jpg 821 1080 0.760185
4032.jpg 809 1080 0.749074
4017.jpg 806 1080 0.746296
4002.jpg 804 1080 0.744444
4027.jpg 802 1080 0.742593
4009.jpg 801 1080 0.741667
4022.jpg 787 1080 0.728704
4012.jpg 782 1080 0.724074
4013.jpg 781 1080 0.723148
4000.jpg 778 1080 0.72037
4028.jpg 773 1080 0.715741
4026.jpg 772 1080 0.714815
4021.jpg 763 1080 0.706481
4019.jpg 758 1080 0.701852
4010.jpg 756 1080 0.7
4031.jpg 751 1080 0.69537
4030.jpg 747 1080 0.691667
4023.jpg 746 1080 0.690741
4029.jpg 745 1080 0.689815
4025.jpg 744 1080 0.688889
4015.jpg 742 1080 0.687037
4018.jpg 725 1080 0.671296
4016.jpg 717 1080 0.663889
4005.jpg 716 1080 0.662963
4006.jpg 708 1080 0.655556
