4000.jpg 11520 1080 10.6667
4001.jpg 11520 1080 10.6667
4002.jpg 11520 1080 10.6667
4003.jpg 11520 1080 10.6667
4004.jpg 11520 1080 10.6667
4005.jpg 11520 1080 10.6667
4006.jpg 11520 1080 10.6667
4007.jpg 11520 1080 10.6667
4008.jpg 11520 1080 10.6667
4009.jpg 11520 1080 10.6667
4010.jpg 11520 1080 10.6667
4011.jpg 11520 1080 10.6667
4012.jpg 11520 1080 10.6667
4013.jpg 11520 1080 10.6667
4014.jpg 11520 1080 10.6667
4015.jpg 11520 1080 10.6667
4016.jpg 11520 1080 10.6667
4017.jpg 11520 1080 10.6667
4018.jpg 11520 1080 10.6667
4019.jpg 11520 1080 10.6667
4020.jpg 11520 1080 10.6667
4021.jpg 11520 1080 10.6667
4022.jpg 11520 1080 10.6667
4023.jpg 11520 1080 10.6667
