4034.jpg 857 1080 0.793519
4024.jpg 855 1080 0.791667
4012.jpg 853 1080 0.789815
4010.jpg 852 1080 0.788889
4013.jpg 851 1080 0.787963
4019.jpg 850 1080 0.787037
4004.jpg 849 1080 0.786111
4017.jpg 848 1080 0.785185
4015.jpg 846 1080 0.783333
4002.jpg 840 1080 0.777778
4009.jpg 836 1080 0.774074
4020.jpg 833 1080 0.771296
4028.jpg 833 1080 0.771296
4026.jpg 832 1080 0.77037
4027.jpg 827 1080 0.765741
4031.jpg 826 1080 0.764815
4014.jpg 824 1080 0.762963
4021.jpg 824 1080 0.762963
4001.jpg 820 1080 0.759259
4016.jpg 820 1080 0.759259
4008.jpg 819 1080 0.758333
4022.jpg 810 1080 0.75
4029.jpg 810 1080 0.75
4033.jpg 807 1080 0.747222
4003.jpg 799 1080 0.739815
4018.jpg 796 1080 0.737037
4030.jpg 795 1080 0.736111
4025.jpg 793 1080 0.734259
4023.jpg 789 1080 0.730556
4032.jpg 788 1080 0.72963
4035.jpg 788 1080 0.72963
4005.jpg 784 1080 0.725926
4006.jpg 762 1080 0.705556
4011.jpg 757 1080 0.700926
4000.jpg 741 1080 0.686111
4007.jpg 741 1080 0.686111
