0000.jpg 750 1080 0.694444
0001.jpg 750 1080 0.694444
0002.jpg 750 1080 0.694444
0003.jpg 750 1080 0.694444
0004.jpg 750 1080 0.694444
0005.jpg 750 1080 0.694444
0006.jpg 750 1080 0.694444
0007.jpg 750 1080 0.694444
0008.jpg 750 1080 0.694444
0009.jpg 750 1080 0.694444
0010.jpg 750 1080 0.694444
0011.jpg 750 1080 0.694444
0012.jpg 750 1080 0.694444
0013.jpg 750 1080 0.694444
0014.jpg 750 1080 0.694444
0015.jpg 750 1080 0.694444
0016.jpg 750 1080 0.694444
0017.jpg 750 1080 0.694444
0018.jpg 750 1080 0.694444
0019.jpg 750 1080 0.694444
0020.jpg 750 1080 0.694444
0021.jpg 750 1080 0.694444
0022.jpg 750 1080 0.694444
0023.jpg 750 1080 0.694444
0024.jpg 750 1080 0.694444
0025.jpg 750 1080 0.694444
0026.jpg 750 1080 0.694444
0027.jpg 750 1080 0.694444
0028.jpg 750 1080 0.694444
0029.jpg 750 1080 0.694444
0030.jpg 750 1080 0.694444
0031.jpg 750 1080 0.694444
0032.jpg 750 1080 0.694444
0033.jpg 750 1080 0.694444
0034.jpg 750 1080 0.694444
0035.jpg 750 1080 0.694444
0036.jpg 750 1080 0.694444
0037.jpg 750 1080 0.694444
0038.jpg 750 1080 0.694444
0039.jpg 750 1080 0.694444
0040.jpg 750 1080 0.694444
0041.jpg 750 1080 0.694444
0042.jpg 750 1080 0.694444
0043.jpg 750 1080 0.694444
0044.jpg 750 1080 0.694444
0045.jpg 750 1080 0.694444
0046.jpg 750 1080 0.694444
0047.jpg 750 1080 0.694444
0048.jpg 750 1080 0.694444
0049.jpg 750 1080 0.694444
0050.jpg 750 1080 0.694444
0051.jpg 750 1080 0.694444
0052.jpg 750 1080 0.694444
0053.jpg 750 1080 0.694444
0054.jpg 750 1080 0.694444
0055.jpg 750 1080 0.694444
0056.jpg 750 1080 0.694444
0057.jpg 750 1080 0.694444
0058.jpg 750 1080 0.694444
0059.jpg 750 1080 0.694444
0060.jpg 750 1080 0.694444
0061.jpg 750 1080 0.694444
0062.jpg 750 1080 0.694444
0063.jpg 750 1080 0.694444
0064.jpg 750 1080 0.694444
0065.jpg 750 1080 0.694444
0066.jpg 750 1080 0.694444
0067.jpg 750 1080 0.694444
0068.jpg 750 1080 0.694444
0069.jpg 750 1080 0.694444
0070.jpg 750 1080 0.694444
0071.jpg 750 1080 0.694444
