4000.jpg 1920 1080 1.77778
4001.jpg 1920 1080 1.77778
4002.jpg 1920 1080 1.77778
4003.jpg 1920 1080 1.77778
4004.jpg 1920 1080 1.77778
4005.jpg 1920 1080 1.77778
4006.jpg 1920 1080 1.77778
4007.jpg 1920 1080 1.77778
4008.jpg 1920 1080 1.77778
4009.jpg 1920 1080 1.77778
4010.jpg 1920 1080 1.77778
4011.jpg 1920 1080 1.77778
4012.jpg 1920 1080 1.77778
4013.jpg 1920 1080 1.77778
4014.jpg 1920 1080 1.77778
4015.jpg 1920 1080 1.77778
4016.jpg 1920 1080 1.77778
4017.jpg 1920 1080 1.77778
4018.jpg 1920 1080 1.77778
4019.jpg 1920 1080 1.77778
4020.jpg 1920 1080 1.77778
4021.jpg 1920 1080 1.77778
4022.jpg 1920 1080 1.77778
4023.jpg 1920 1080 1.77778
4024.jpg 1920 1080 1.77778
4025.jpg 1920 1080 1.77778
4026.jpg 1920 1080 1.77778
4027.jpg 1920 1080 1.77778
4028.jpg 1920 1080 1.77778
4029.jpg 1920 1080 1.77778
4030.jpg 1920 1080 1.77778
4031.jpg 1920 1080 1.77778
4032.jpg 1920 1080 1.77778
4033.jpg 1920 1080 1.77778
4034.jpg 1920 1080 1.77778
4035.jpg 1920 1080 1.77778
