0000.jpg 774 1080 0.716667
0001.jpg 774 1080 0.716667
0002.jpg 774 1080 0.716667
0003.jpg 774 1080 0.716667
0004.jpg 774 1080 0.716667
0005.jpg 774 1080 0.716667
0006.jpg 774 1080 0.716667
0007.jpg 774 1080 0.716667
0008.jpg 774 1080 0.716667
0009.jpg 774 1080 0.716667
0010.jpg 774 1080 0.716667
0011.jpg 774 1080 0.716667
0012.jpg 774 1080 0.716667
0013.jpg 774 1080 0.716667
0014.jpg 774 1080 0.716667
0015.jpg 774 1080 0.716667
0016.jpg 774 1080 0.716667
0017.jpg 774 1080 0.716667
0018.jpg 774 1080 0.716667
0019.jpg 774 1080 0.716667
0020.jpg 774 1080 0.716667
0021.jpg 774 1080 0.716667
0022.jpg 774 1080 0.716667
0023.jpg 774 1080 0.716667
0024.jpg 774 1080 0.716667
0025.jpg 774 1080 0.716667
0026.jpg 774 1080 0.716667
0027.jpg 774 1080 0.716667
0028.jpg 774 1080 0.716667
0029.jpg 774 1080 0.716667
0030.jpg 774 1080 0.716667
0031.jpg 774 1080 0.716667
0032.jpg 774 1080 0.716667
0033.jpg 774 1080 0.716667
0034.jpg 774 1080 0.716667
0035.jpg 774 1080 0.716667
