0000.jpg 2560 1600 1.6
0001.jpg 2560 1600 1.6
0002.jpg 2560 1600 1.6
0003.jpg 2560 1600 1.6
0004.jpg 2560 1600 1.6
0005.jpg 2560 1600 1.6
0006.jpg 2560 1600 1.6
0007.jpg 2560 1600 1.6
0008.jpg 2560 1600 1.6
0009.jpg 2560 1600 1.6
0010.jpg 2560 1600 1.6
0011.jpg 2560 1600 1.6
0012.jpg 2560 1600 1.6
0013.jpg 2560 1600 1.6
0014.jpg 2560 1600 1.6
0015.jpg 2560 1600 1.6
0016.jpg 2560 1600 1.6
0017.jpg 2560 1600 1.6
0018.jpg 2560 1600 1.6
0019.jpg 2560 1600 1.6
0020.jpg 2560 1600 1.6
0021.jpg 2560 1600 1.6
0022.jpg 2560 1600 1.6
0023.jpg 2560 1600 1.6
0024.jpg 2560 1600 1.6
0025.jpg 2560 1600 1.6
0026.jpg 2560 1600 1.6
0027.jpg 2560 1600 1.6
0028.jpg 2560 1600 1.6
0029.jpg 2560 1600 1.6
0030.jpg 2560 1600 1.6
0031.jpg 2560 1600 1.6
0032.jpg 2560 1600 1.6
0033.jpg 2560 1600 1.6
0034.jpg 2560 1600 1.6
0035.jpg 2560 1600 1.6
0036.jpg 2560 1600 1.6
0037.jpg 2560 1600 1.6
0038.jpg 2560 1600 1.6
0039.jpg 2560 1600 1.6
0040.jpg 2560 1600 1.6
0041.jpg 2560 1600 1.6
0042.jpg 2560 1600 1.6
0043.jpg 2560 1600 1.6
0044.jpg 2560 1600 1.6
0045.jpg 2560 1600 1.6
0046.jpg 2560 1600 1.6
0047.jpg 2560 1600 1.6
0048.jpg 2560 1600 1.6
0049.jpg 2560 1600 1.6
0050.jpg 2560 1600 1.6
0051.jpg 2560 1600 1.6
0052.jpg 2560 1600 1.6
0053.jpg 2560 1600 1.6
0054.jpg 2560 1600 1.6
0055.jpg 2560 1600 1.6
0056.jpg 2560 1600 1.6
0057.jpg 2560 1600 1.6
0058.jpg 2560 1600 1.6
0059.jpg 2560 1600 1.6
0060.jpg 2560 1600 1.6
0061.jpg 2560 1600 1.6
0062.jpg 2560 1600 1.6
0063.jpg 2560 1600 1.6
0064.jpg 2560 1600 1.6
0065.jpg 2560 1600 1.6
0066.jpg 2560 1600 1.6
0067.jpg 2560 1600 1.6
0068.jpg 2560 1600 1.6
0069.jpg 2560 1600 1.6
0070.jpg 2560 1600 1.6
0071.jpg 2560 1600 1.6
0072.jpg 2560 1600 1.6
0073.jpg 2560 1600 1.6
0074.jpg 2560 1600 1.6
0075.jpg 2560 1600 1.6
0076.jpg 2560 1600 1.6
0077.jpg 2560 1600 1.6
0078.jpg 2560 1600 1.6
0079.jpg 2560 1600 1.6
0080.jpg 2560 1600 1.6
0081.jpg 2560 1600 1.6
0082.jpg 2560 1600 1.6
0083.jpg 2560 1600 1.6
0084.jpg 2560 1600 1.6
0085.jpg 2560 1600 1.6
0086.jpg 2560 1600 1.6
0087.jpg 2560 1600 1.6
0088.jpg 2560 1600 1.6
0089.jpg 2560 1600 1.6
0090.jpg 2560 1600 1.6
0091.jpg 2560 1600 1.6
0092.jpg 2560 1600 1.6
0093.jpg 2560 1600 1.6
0094.jpg 2560 1600 1.6
0095.jpg 2560 1600 1.6
0096.jpg 2560 1600 1.6
0097.jpg 2560 1600 1.6
0098.jpg 2560 1600 1.6
0099.jpg 2560 1600 1.6
0100.jpg 2560 1600 1.6
0101.jpg 2560 1600 1.6
0102.jpg 2560 1600 1.6
0103.jpg 2560 1600 1.6
0104.jpg 2560 1600 1.6
0105.jpg 2560 1600 1.6
0106.jpg 2560 1600 1.6
0107.jpg 2560 1600 1.6
0108.jpg 2560 1600 1.6
0109.jpg 2560 1600 1.6
0110.jpg 2560 1600 1.6
0111.jpg 2560 1600 1.6
0112.jpg 2560 1600 1.6
0113.jpg 2560 1600 1.6
0114.jpg 2560 1600 1.6
0115.jpg 2560 1600 1.6
0116.jpg 2560 1600 1.6
0117.jpg 2560 1600 1.6
0118.jpg 2560 1600 1.6
0119.jpg 2560 1600 1.6
0120.jpg 2560 1600 1.6
0121.jpg 2560 1600 1.6
0122.jpg 2560 1600 1.6
0123.jpg 2560 1600 1.6
0124.jpg 2560 1600 1.6
0125.jpg 2560 1600 1.6
0126.jpg 2560 1600 1.6
0127.jpg 2560 1600 1.6
0128.jpg 2560 1600 1.6
0129.jpg 2560 1600 1.6
0130.jpg 2560 1600 1.6
0131.jpg 2560 1600 1.6
0132.jpg 2560 1600 1.6
0133.jpg 2560 1600 1.6
0134.jpg 2560 1600 1.6
0135.jpg 2560 1600 1.6
0136.jpg 2560 1600 1.6
0137.jpg 2560 1600 1.6
0138.jpg 2560 1600 1.6
0139.jpg 2560 1600 1.6
0140.jpg 2560 1600 1.6
0141.jpg 2560 1600 1.6
0142.jpg 2560 1600 1.6
0143.jpg 2560 1600 1.6
