0000.jpg 700 1080 0.648148
0001.jpg 700 1080 0.648148
0002.jpg 700 1080 0.648148
0003.jpg 700 1080 0.648148
0004.jpg 700 1080 0.648148
0005.jpg 700 1080 0.648148
0006.jpg 700 1080 0.648148
0007.jpg 700 1080 0.648148
0008.jpg 700 1080 0.648148
0009.jpg 700 1080 0.648148
0010.jpg 700 1080 0.648148
0011.jpg 700 1080 0.648148
0012.jpg 700 1080 0.648148
0013.jpg 700 1080 0.648148
0014.jpg 700 1080 0.648148
0015.jpg 700 1080 0.648148
0016.jpg 700 1080 0.648148
0017.jpg 700 1080 0.648148
0018.jpg 700 1080 0.648148
0019.jpg 700 1080 0.648148
0020.jpg 700 1080 0.648148
0021.jpg 700 1080 0.648148
0022.jpg 700 1080 0.648148
0023.jpg 700 1080 0.648148
0024.jpg 700 1080 0.648148
0025.jpg 700 1080 0.648148
0026.jpg 700 1080 0.648148
0027.jpg 700 1080 0.648148
0028.jpg 700 1080 0.648148
0029.jpg 700 1080 0.648148
0030.jpg 700 1080 0.648148
0031.jpg 700 1080 0.648148
0032.jpg 700 1080 0.648148
0033.jpg 700 1080 0.648148
0034.jpg 700 1080 0.648148
0035.jpg 700 1080 0.648148
0036.jpg 700 1080 0.648148
0037.jpg 700 1080 0.648148
0038.jpg 700 1080 0.648148
0039.jpg 700 1080 0.648148
0040.jpg 700 1080 0.648148
0041.jpg 700 1080 0.648148
0042.jpg 700 1080 0.648148
0043.jpg 700 1080 0.648148
0044.jpg 700 1080 0.648148
0045.jpg 700 1080 0.648148
0046.jpg 700 1080 0.648148
0047.jpg 700 1080 0.648148
0048.jpg 700 1080 0.648148
0049.jpg 700 1080 0.648148
0050.jpg 700 1080 0.648148
0051.jpg 700 1080 0.648148
0052.jpg 700 1080 0.648148
0053.jpg 700 1080 0.648148
0054.jpg 700 1080 0.648148
0055.jpg 700 1080 0.648148
0056.jpg 700 1080 0.648148
0057.jpg 700 1080 0.648148
0058.jpg 700 1080 0.648148
0059.jpg 700 1080 0.648148
0060.jpg 700 1080 0.648148
0061.jpg 700 1080 0.648148
0062.jpg 700 1080 0.648148
0063.jpg 700 1080 0.648148
0064.jpg 700 1080 0.648148
0065.jpg 700 1080 0.648148
0066.jpg 700 1080 0.648148
0067.jpg 700 1080 0.648148
0068.jpg 700 1080 0.648148
0069.jpg 700 1080 0.648148
0070.jpg 700 1080 0.648148
0071.jpg 700 1080 0.648148
