0000.jpg 1200 1080 1.11111
0001.jpg 1200 1080 1.11111
0002.jpg 1200 1080 1.11111
0003.jpg 1200 1080 1.11111
0004.jpg 1200 1080 1.11111
0005.jpg 1200 1080 1.11111
0006.jpg 1200 1080 1.11111
0007.jpg 1200 1080 1.11111
0008.jpg 1200 1080 1.11111
0009.jpg 1200 1080 1.11111
0010.jpg 1200 1080 1.11111
0011.jpg 1200 1080 1.11111
0012.jpg 1200 1080 1.11111
0013.jpg 1200 1080 1.11111
0014.jpg 1200 1080 1.11111
0015.jpg 1200 1080 1.11111
0016.jpg 1200 1080 1.11111
0017.jpg 1200 1080 1.11111
0018.jpg 1200 1080 1.11111
0019.jpg 1200 1080 1.11111
0020.jpg 1200 1080 1.11111
0021.jpg 1200 1080 1.11111
0022.jpg 1200 1080 1.11111
0023.jpg 1200 1080 1.11111
0024.jpg 1200 1080 1.11111
0025.jpg 1200 1080 1.11111
0026.jpg 1200 1080 1.11111
0027.jpg 1200 1080 1.11111
0028.jpg 1200 1080 1.11111
0029.jpg 1200 1080 1.11111
0030.jpg 1200 1080 1.11111
0031.jpg 1200 1080 1.11111
0032.jpg 1200 1080 1.11111
0033.jpg 1200 1080 1.11111
0034.jpg 1200 1080 1.11111
0035.jpg 1200 1080 1.11111
