0000.jpg 1500 1080 1.38889
0001.jpg 1500 1080 1.38889
0002.jpg 1500 1080 1.38889
0003.jpg 1500 1080 1.38889
0004.jpg 1500 1080 1.38889
0005.jpg 1500 1080 1.38889
0006.jpg 1500 1080 1.38889
0007.jpg 1500 1080 1.38889
0008.jpg 1500 1080 1.38889
0009.jpg 1500 1080 1.38889
0010.jpg 1500 1080 1.38889
0011.jpg 1500 1080 1.38889
0012.jpg 1500 1080 1.38889
0013.jpg 1500 1080 1.38889
0014.jpg 1500 1080 1.38889
0015.jpg 1500 1080 1.38889
0016.jpg 1500 1080 1.38889
0017.jpg 1500 1080 1.38889
0018.jpg 1500 1080 1.38889
0019.jpg 1500 1080 1.38889
0020.jpg 1500 1080 1.38889
0021.jpg 1500 1080 1.38889
0022.jpg 1500 1080 1.38889
0023.jpg 1500 1080 1.38889
0024.jpg 1500 1080 1.38889
0025.jpg 1500 1080 1.38889
0026.jpg 1500 1080 1.38889
0027.jpg 1500 1080 1.38889
0028.jpg 1500 1080 1.38889
0029.jpg 1500 1080 1.38889
0030.jpg 1500 1080 1.38889
0031.jpg 1500 1080 1.38889
0032.jpg 1500 1080 1.38889
0033.jpg 1500 1080 1.38889
0034.jpg 1500 1080 1.38889
0035.jpg 1500 1080 1.38889
0036.jpg 1500 1080 1.38889
0037.jpg 1500 1080 1.38889
0038.jpg 1500 1080 1.38889
0039.jpg 1500 1080 1.38889
0040.jpg 1500 1080 1.38889
0041.jpg 1500 1080 1.38889
0042.jpg 1500 1080 1.38889
0043.jpg 1500 1080 1.38889
0044.jpg 1500 1080 1.38889
0045.jpg 1500 1080 1.38889
0046.jpg 1500 1080 1.38889
0047.jpg 1500 1080 1.38889
0048.jpg 1500 1080 1.38889
0049.jpg 1500 1080 1.38889
0050.jpg 1500 1080 1.38889
0051.jpg 1500 1080 1.38889
0052.jpg 1500 1080 1.38889
0053.jpg 1500 1080 1.38889
0054.jpg 1500 1080 1.38889
0055.jpg 1500 1080 1.38889
0056.jpg 1500 1080 1.38889
0057.jpg 1500 1080 1.38889
0058.jpg 1500 1080 1.38889
0059.jpg 1500 1080 1.38889
0060.jpg 1500 1080 1.38889
0061.jpg 1500 1080 1.38889
0062.jpg 1500 1080 1.38889
0063.jpg 1500 1080 1.38889
0064.jpg 1500 1080 1.38889
0065.jpg 1500 1080 1.38889
0066.jpg 1500 1080 1.38889
0067.jpg 1500 1080 1.38889
0068.jpg 1500 1080 1.38889
0069.jpg 1500 1080 1.38889
0070.jpg 1500 1080 1.38889
0071.jpg 1500 1080 1.38889
0072.jpg 1500 1080 1.38889
0073.jpg 1500 1080 1.38889
0074.jpg 1500 1080 1.38889
0075.jpg 1500 1080 1.38889
0076.jpg 1500 1080 1.38889
0077.jpg 1500 1080 1.38889
0078.jpg 1500 1080 1.38889
0079.jpg 1500 1080 1.38889
0080.jpg 1500 1080 1.38889
0081.jpg 1500 1080 1.38889
0082.jpg 1500 1080 1.38889
0083.jpg 1500 1080 1.38889
0084.jpg 1500 1080 1.38889
0085.jpg 1500 1080 1.38889
0086.jpg 1500 1080 1.38889
0087.jpg 1500 1080 1.38889
0088.jpg 1500 1080 1.38889
0089.jpg 1500 1080 1.38889
0090.jpg 1500 1080 1.38889
0091.jpg 1500 1080 1.38889
0092.jpg 1500 1080 1.38889
0093.jpg 1500 1080 1.38889
0094.jpg 1500 1080 1.38889
0095.jpg 1500 1080 1.38889
0096.jpg 1500 1080 1.38889
0097.jpg 1500 1080 1.38889
0098.jpg 1500 1080 1.38889
0099.jpg 1500 1080 1.38889
0100.jpg 1500 1080 1.38889
0101.jpg 1500 1080 1.38889
0102.jpg 1500 1080 1.38889
0103.jpg 1500 1080 1.38889
0104.jpg 1500 1080 1.38889
0105.jpg 1500 1080 1.38889
0106.jpg 1500 1080 1.38889
0107.jpg 1500 1080 1.38889
0108.jpg 1500 1080 1.38889
0109.jpg 1500 1080 1.38889
0110.jpg 1500 1080 1.38889
0111.jpg 1500 1080 1.38889
0112.jpg 1500 1080 1.38889
0113.jpg 1500 1080 1.38889
0114.jpg 1500 1080 1.38889
0115.jpg 1500 1080 1.38889
0116.jpg 1500 1080 1.38889
0117.jpg 1500 1080 1.38889
0118.jpg 1500 1080 1.38889
0119.jpg 1500 1080 1.38889
0120.jpg 1500 1080 1.38889
0121.jpg 1500 1080 1.38889
0122.jpg 1500 1080 1.38889
0123.jpg 1500 1080 1.38889
0124.jpg 1500 1080 1.38889
0125.jpg 1500 1080 1.38889
0126.jpg 1500 1080 1.38889
0127.jpg 1500 1080 1.38889
0128.jpg 1500 1080 1.38889
0129.jpg 1500 1080 1.38889
0130.jpg 1500 1080 1.38889
0131.jpg 1500 1080 1.38889
0132.jpg 1500 1080 1.38889
0133.jpg 1500 1080 1.38889
0134.jpg 1500 1080 1.38889
0135.jpg 1500 1080 1.38889
0136.jpg 1500 1080 1.38889
0137.jpg 1500 1080 1.38889
0138.jpg 1500 1080 1.38889
0139.jpg 1500 1080 1.38889
0140.jpg 1500 1080 1.38889
0141.jpg 1500 1080 1.38889
0142.jpg 1500 1080 1.38889
0143.jpg 1500 1080 1.38889
