4000.jpg 768 1024 0.75
4001.jpg 768 1024 0.75
4002.jpg 768 1024 0.75
4003.jpg 768 1024 0.75
4004.jpg 768 1024 0.75
4005.jpg 768 1024 0.75
4006.jpg 768 1024 0.75
4007.jpg 768 1024 0.75
4008.jpg 768 1024 0.75
4009.jpg 768 1024 0.75
4010.jpg 768 1024 0.75
4011.jpg 768 1024 0.75
4012.jpg 768 1024 0.75
4013.jpg 768 1024 0.75
4014.jpg 768 1024 0.75
4015.jpg 768 1024 0.75
4016.jpg 768 1024 0.75
4017.jpg 768 1024 0.75
4018.jpg 768 1024 0.75
4019.jpg 768 1024 0.75
4020.jpg 768 1024 0.75
4021.jpg 768 1024 0.75
4022.jpg 768 1024 0.75
4023.jpg 768 1024 0.75
4024.jpg 768 1024 0.75
4025.jpg 768 1024 0.75
4026.jpg 768 1024 0.75
4027.jpg 768 1024 0.75
4028.jpg 768 1024 0.75
4029.jpg 768 1024 0.75
4030.jpg 768 1024 0.75
4031.jpg 768 1024 0.75
4032.jpg 768 1024 0.75
4033.jpg 768 1024 0.75
4034.jpg 768 1024 0.75
4035.jpg 768 1024 0.75
