0000.jpg 1500 1080 1.38889
0001.jpg 1500 1080 1.38889
0002.jpg 1500 1080 1.38889
0003.jpg 1500 1080 1.38889
0004.jpg 1500 1080 1.38889
0005.jpg 1500 1080 1.38889
0006.jpg 1500 1080 1.38889
0007.jpg 1500 1080 1.38889
0008.jpg 1500 1080 1.38889
0009.jpg 1500 1080 1.38889
0010.jpg 1500 1080 1.38889
0011.jpg 1500 1080 1.38889
0012.jpg 1500 1080 1.38889
0013.jpg 1500 1080 1.38889
0014.jpg 1500 1080 1.38889
0015.jpg 1500 1080 1.38889
0016.jpg 1500 1080 1.38889
0017.jpg 1500 1080 1.38889
0018.jpg 1500 1080 1.38889
0019.jpg 1500 1080 1.38889
0020.jpg 1500 1080 1.38889
0021.jpg 1500 1080 1.38889
0022.jpg 1500 1080 1.38889
0023.jpg 1500 1080 1.38889
0024.jpg 1500 1080 1.38889
0025.jpg 1500 1080 1.38889
0026.jpg 1500 1080 1.38889
0027.jpg 1500 1080 1.38889
0028.jpg 1500 1080 1.38889
0029.jpg 1500 1080 1.38889
0030.jpg 1500 1080 1.38889
0031.jpg 1500 1080 1.38889
0032.jpg 1500 1080 1.38889
0033.jpg 1500 1080 1.38889
0034.jpg 1500 1080 1.38889
0035.jpg 1500 1080 1.38889
0036.jpg 1500 1080 1.38889
