0000.jpg 1011 1080 0.936111
0001.jpg 1011 1080 0.936111
0002.jpg 1011 1080 0.936111
0003.jpg 1011 1080 0.936111
0004.jpg 1011 1080 0.936111
0005.jpg 1011 1080 0.936111
0006.jpg 1011 1080 0.936111
0007.jpg 1011 1080 0.936111
0008.jpg 1011 1080 0.936111
0009.jpg 1011 1080 0.936111
0010.jpg 1011 1080 0.936111
0011.jpg 1011 1080 0.936111
0012.jpg 1011 1080 0.936111
0013.jpg 1011 1080 0.936111
0014.jpg 1011 1080 0.936111
0015.jpg 1011 1080 0.936111
0016.jpg 1011 1080 0.936111
0017.jpg 1011 1080 0.936111
