0000.jpg 1200 1080 1.11111
0001.jpg 1200 1080 1.11111
0002.jpg 1200 1080 1.11111
0003.jpg 1200 1080 1.11111
0004.jpg 1200 1080 1.11111
0005.jpg 1200 1080 1.11111
0006.jpg 1200 1080 1.11111
0007.jpg 1200 1080 1.11111
0008.jpg 1200 1080 1.11111
0009.jpg 1200 1080 1.11111
0010.jpg 1200 1080 1.11111
0011.jpg 1200 1080 1.11111
0012.jpg 1200 1080 1.11111
0013.jpg 1200 1080 1.11111
0014.jpg 1200 1080 1.11111
0015.jpg 1200 1080 1.11111
0016.jpg 1200 1080 1.11111
0017.jpg 1200 1080 1.11111
0018.jpg 1200 1080 1.11111
0019.jpg 1200 1080 1.11111
0020.jpg 1200 1080 1.11111
0021.jpg 1200 1080 1.11111
0022.jpg 1200 1080 1.11111
0023.jpg 1200 1080 1.11111
0024.jpg 1200 1080 1.11111
0025.jpg 1200 1080 1.11111
0026.jpg 1200 1080 1.11111
0027.jpg 1200 1080 1.11111
0028.jpg 1200 1080 1.11111
0029.jpg 1200 1080 1.11111
0030.jpg 1200 1080 1.11111
0031.jpg 1200 1080 1.11111
0032.jpg 1200 1080 1.11111
0033.jpg 1200 1080 1.11111
0034.jpg 1200 1080 1.11111
0035.jpg 1200 1080 1.11111
0036.jpg 1200 1080 1.11111
0037.jpg 1200 1080 1.11111
0038.jpg 1200 1080 1.11111
0039.jpg 1200 1080 1.11111
0040.jpg 1200 1080 1.11111
0041.jpg 1200 1080 1.11111
0042.jpg 1200 1080 1.11111
0043.jpg 1200 1080 1.11111
0044.jpg 1200 1080 1.11111
0045.jpg 1200 1080 1.11111
0046.jpg 1200 1080 1.11111
0047.jpg 1200 1080 1.11111
0048.jpg 1200 1080 1.11111
0049.jpg 1200 1080 1.11111
0050.jpg 1200 1080 1.11111
0051.jpg 1200 1080 1.11111
0052.jpg 1200 1080 1.11111
0053.jpg 1200 1080 1.11111
0054.jpg 1200 1080 1.11111
0055.jpg 1200 1080 1.11111
0056.jpg 1200 1080 1.11111
0057.jpg 1200 1080 1.11111
0058.jpg 1200 1080 1.11111
0059.jpg 1200 1080 1.11111
0060.jpg 1200 1080 1.11111
0061.jpg 1200 1080 1.11111
0062.jpg 1200 1080 1.11111
0063.jpg 1200 1080 1.11111
0064.jpg 1200 1080 1.11111
0065.jpg 1200 1080 1.11111
0066.jpg 1200 1080 1.11111
0067.jpg 1200 1080 1.11111
0068.jpg 1200 1080 1.11111
0069.jpg 1200 1080 1.11111
0070.jpg 1200 1080 1.11111
0071.jpg 1200 1080 1.11111
