0000.jpg 1314 1080 1.21667
0001.jpg 1314 1080 1.21667
0002.jpg 1314 1080 1.21667
0003.jpg 1314 1080 1.21667
0004.jpg 1314 1080 1.21667
0005.jpg 1314 1080 1.21667
0006.jpg 1314 1080 1.21667
0007.jpg 1314 1080 1.21667
0008.jpg 1314 1080 1.21667
0009.jpg 1314 1080 1.21667
0010.jpg 1314 1080 1.21667
0011.jpg 1314 1080 1.21667
0012.jpg 1314 1080 1.21667
0013.jpg 1314 1080 1.21667
0014.jpg 1314 1080 1.21667
0015.jpg 1314 1080 1.21667
0016.jpg 1314 1080 1.21667
0017.jpg 1314 1080 1.21667
0018.jpg 1314 1080 1.21667
0019.jpg 1314 1080 1.21667
0020.jpg 1314 1080 1.21667
0021.jpg 1314 1080 1.21667
0022.jpg 1314 1080 1.21667
0023.jpg 1314 1080 1.21667
0024.jpg 1314 1080 1.21667
0025.jpg 1314 1080 1.21667
0026.jpg 1314 1080 1.21667
0027.jpg 1314 1080 1.21667
0028.jpg 1314 1080 1.21667
0029.jpg 1314 1080 1.21667
0030.jpg 1314 1080 1.21667
0031.jpg 1314 1080 1.21667
0032.jpg 1314 1080 1.21667
0033.jpg 1314 1080 1.21667
0034.jpg 1314 1080 1.21667
0035.jpg 1314 1080 1.21667
0036.jpg 1314 1080 1.21667
0037.jpg 1314 1080 1.21667
0038.jpg 1314 1080 1.21667
0039.jpg 1314 1080 1.21667
0040.jpg 1314 1080 1.21667
0041.jpg 1314 1080 1.21667
0042.jpg 1314 1080 1.21667
0043.jpg 1314 1080 1.21667
0044.jpg 1314 1080 1.21667
0045.jpg 1314 1080 1.21667
0046.jpg 1314 1080 1.21667
0047.jpg 1314 1080 1.21667
0048.jpg 1314 1080 1.21667
0049.jpg 1314 1080 1.21667
0050.jpg 1314 1080 1.21667
0051.jpg 1314 1080 1.21667
0052.jpg 1314 1080 1.21667
0053.jpg 1314 1080 1.21667
0054.jpg 1314 1080 1.21667
0055.jpg 1314 1080 1.21667
0056.jpg 1314 1080 1.21667
0057.jpg 1314 1080 1.21667
0058.jpg 1314 1080 1.21667
0059.jpg 1314 1080 1.21667
0060.jpg 1314 1080 1.21667
0061.jpg 1314 1080 1.21667
0062.jpg 1314 1080 1.21667
0063.jpg 1314 1080 1.21667
0064.jpg 1314 1080 1.21667
0065.jpg 1314 1080 1.21667
0066.jpg 1314 1080 1.21667
0067.jpg 1314 1080 1.21667
0068.jpg 1314 1080 1.21667
0069.jpg 1314 1080 1.21667
0070.jpg 1314 1080 1.21667
0071.jpg 1314 1080 1.21667
