0000.jpg 1013 1080 0.937963
0001.jpg 1013 1080 0.937963
0002.jpg 1013 1080 0.937963
0003.jpg 1013 1080 0.937963
0004.jpg 1013 1080 0.937963
0005.jpg 1013 1080 0.937963
0006.jpg 1013 1080 0.937963
0007.jpg 1013 1080 0.937963
0008.jpg 1013 1080 0.937963
0009.jpg 1013 1080 0.937963
0010.jpg 1013 1080 0.937963
0011.jpg 1013 1080 0.937963
0012.jpg 1013 1080 0.937963
0013.jpg 1013 1080 0.937963
0014.jpg 1013 1080 0.937963
0015.jpg 1013 1080 0.937963
0016.jpg 1013 1080 0.937963
0017.jpg 1013 1080 0.937963
0018.jpg 1013 1080 0.937963
0019.jpg 1013 1080 0.937963
0020.jpg 1013 1080 0.937963
0021.jpg 1013 1080 0.937963
0022.jpg 1013 1080 0.937963
0023.jpg 1013 1080 0.937963
0024.jpg 1013 1080 0.937963
0025.jpg 1013 1080 0.937963
0026.jpg 1013 1080 0.937963
0027.jpg 1013 1080 0.937963
0028.jpg 1013 1080 0.937963
0029.jpg 1013 1080 0.937963
0030.jpg 1013 1080 0.937963
0031.jpg 1013 1080 0.937963
0032.jpg 1013 1080 0.937963
0033.jpg 1013 1080 0.937963
0034.jpg 1013 1080 0.937963
0035.jpg 1013 1080 0.937963
