4000.jpg 1920 1080 1.77778
4001.jpg 1920 1080 1.77778
4002.jpg 1920 1080 1.77778
4003.jpg 1920 1080 1.77778
4004.jpg 1920 1080 1.77778
4005.jpg 1920 1080 1.77778
4006.jpg 1920 1080 1.77778
4007.jpg 1920 1080 1.77778
4008.jpg 1920 1080 1.77778
4009.jpg 1920 1080 1.77778
4010.jpg 1920 1080 1.77778
4011.jpg 1920 1080 1.77778
4012.jpg 1920 1080 1.77778
4013.jpg 1920 1080 1.77778
4014.jpg 1920 1080 1.77778
4015.jpg 1920 1080 1.77778
4016.jpg 1920 1080 1.77778
4017.jpg 1920 1080 1.77778
4018.jpg 1920 1080 1.77778
4019.jpg 1920 1080 1.77778
4020.jpg 1920 1080 1.77778
4021.jpg 1920 1080 1.77778
4022.jpg 1920 1080 1.77778
4023.jpg 1920 1080 1.77778
4024.jpg 1920 1080 1.77778
4025.jpg 1920 1080 1.77778
4026.jpg 1920 1080 1.77778
4027.jpg 1920 1080 1.77778
4028.jpg 1920 1080 1.77778
4029.jpg 1920 1080 1.77778
4030.jpg 1920 1080 1.77778
4031.jpg 1920 1080 1.77778
4032.jpg 1920 1080 1.77778
4033.jpg 1920 1080 1.77778
4034.jpg 1920 1080 1.77778
4035.jpg 1920 1080 1.77778
4036.jpg 1920 1080 1.77778
4037.jpg 1920 1080 1.77778
4038.jpg 1920 1080 1.77778
4039.jpg 1920 1080 1.77778
4040.jpg 1920 1080 1.77778
4041.jpg 1920 1080 1.77778
4042.jpg 1920 1080 1.77778
4043.jpg 1920 1080 1.77778
4044.jpg 1920 1080 1.77778
4045.jpg 1920 1080 1.77778
4046.jpg 1920 1080 1.77778
4047.jpg 1920 1080 1.77778
4048.jpg 1920 1080 1.77778
4049.jpg 1920 1080 1.77778
4050.jpg 1920 1080 1.77778
4051.jpg 1920 1080 1.77778
4052.jpg 1920 1080 1.77778
4053.jpg 1920 1080 1.77778
4054.jpg 1920 1080 1.77778
4055.jpg 1920 1080 1.77778
4056.jpg 1920 1080 1.77778
4057.jpg 1920 1080 1.77778
4058.jpg 1920 1080 1.77778
4059.jpg 1920 1080 1.77778
4060.jpg 1920 1080 1.77778
4061.jpg 1920 1080 1.77778
4062.jpg 1920 1080 1.77778
4063.jpg 1920 1080 1.77778
4064.jpg 1920 1080 1.77778
4065.jpg 1920 1080 1.77778
4066.jpg 1920 1080 1.77778
4067.jpg 1920 1080 1.77778
4068.jpg 1920 1080 1.77778
4069.jpg 1920 1080 1.77778
4070.jpg 1920 1080 1.77778
4071.jpg 1920 1080 1.77778
4072.jpg 1920 1080 1.77778
4073.jpg 1920 1080 1.77778
4074.jpg 1920 1080 1.77778
4075.jpg 1920 1080 1.77778
4076.jpg 1920 1080 1.77778
4077.jpg 1920 1080 1.77778
4078.jpg 1920 1080 1.77778
4079.jpg 1920 1080 1.77778
4080.jpg 1920 1080 1.77778
4081.jpg 1920 1080 1.77778
4082.jpg 1920 1080 1.77778
4083.jpg 1920 1080 1.77778
4084.jpg 1920 1080 1.77778
4085.jpg 1920 1080 1.77778
4086.jpg 1920 1080 1.77778
4087.jpg 1920 1080 1.77778
4088.jpg 1920 1080 1.77778
4089.jpg 1920 1080 1.77778
4090.jpg 1920 1080 1.77778
4091.jpg 1920 1080 1.77778
4092.jpg 1920 1080 1.77778
4093.jpg 1920 1080 1.77778
4094.jpg 1920 1080 1.77778
4095.jpg 1920 1080 1.77778
4096.jpg 1920 1080 1.77778
4097.jpg 1920 1080 1.77778
4098.jpg 1920 1080 1.77778
4099.jpg 1920 1080 1.77778
4100.jpg 1920 1080 1.77778
4101.jpg 1920 1080 1.77778
4102.jpg 1920 1080 1.77778
4103.jpg 1920 1080 1.77778
4104.jpg 1920 1080 1.77778
4105.jpg 1920 1080 1.77778
4106.jpg 1920 1080 1.77778
4107.jpg 1920 1080 1.77778
4108.jpg 1920 1080 1.77778
4109.jpg 1920 1080 1.77778
4110.jpg 1920 1080 1.77778
4111.jpg 1920 1080 1.77778
4112.jpg 1920 1080 1.77778
4113.jpg 1920 1080 1.77778
4114.jpg 1920 1080 1.77778
4115.jpg 1920 1080 1.77778
4116.jpg 1920 1080 1.77778
4117.jpg 1920 1080 1.77778
4118.jpg 1920 1080 1.77778
4119.jpg 1920 1080 1.77778
4120.jpg 1920 1080 1.77778
4121.jpg 1920 1080 1.77778
4122.jpg 1920 1080 1.77778
4123.jpg 1920 1080 1.77778
4124.jpg 1920 1080 1.77778
4125.jpg 1920 1080 1.77778
4126.jpg 1920 1080 1.77778
4127.jpg 1920 1080 1.77778
4128.jpg 1920 1080 1.77778
4129.jpg 1920 1080 1.77778
4130.jpg 1920 1080 1.77778
4131.jpg 1920 1080 1.77778
4132.jpg 1920 1080 1.77778
4133.jpg 1920 1080 1.77778
4134.jpg 1920 1080 1.77778
4135.jpg 1920 1080 1.77778
4136.jpg 1920 1080 1.77778
4137.jpg 1920 1080 1.77778
4138.jpg 1920 1080 1.77778
4139.jpg 1920 1080 1.77778
4140.jpg 1920 1080 1.77778
4141.jpg 1920 1080 1.77778
4142.jpg 1920 1080 1.77778
4143.jpg 1920 1080 1.77778
4144.jpg 1920 1080 1.77778
4145.jpg 1920 1080 1.77778
4146.jpg 1920 1080 1.77778
4147.jpg 1920 1080 1.77778
4148.jpg 1920 1080 1.77778
4149.jpg 1920 1080 1.77778
4150.jpg 1920 1080 1.77778
4151.jpg 1920 1080 1.77778
4152.jpg 1920 1080 1.77778
4153.jpg 1920 1080 1.77778
4154.jpg 1920 1080 1.77778
4155.jpg 1920 1080 1.77778
4156.jpg 1920 1080 1.77778
4157.jpg 1920 1080 1.77778
4158.jpg 1920 1080 1.77778
4159.jpg 1920 1080 1.77778
4160.jpg 1920 1080 1.77778
4161.jpg 1920 1080 1.77778
4162.jpg 1920 1080 1.77778
4163.jpg 1920 1080 1.77778
4164.jpg 1920 1080 1.77778
4165.jpg 1920 1080 1.77778
4166.jpg 1920 1080 1.77778
4167.jpg 1920 1080 1.77778
4168.jpg 1920 1080 1.77778
4169.jpg 1920 1080 1.77778
4170.jpg 1920 1080 1.77778
4171.jpg 1920 1080 1.77778
4172.jpg 1920 1080 1.77778
4173.jpg 1920 1080 1.77778
4174.jpg 1920 1080 1.77778
4175.jpg 1920 1080 1.77778
4176.jpg 1920 1080 1.77778
4177.jpg 1920 1080 1.77778
4178.jpg 1920 1080 1.77778
4179.jpg 1920 1080 1.77778
4180.jpg 1920 1080 1.77778
4181.jpg 1920 1080 1.77778
4182.jpg 1920 1080 1.77778
4183.jpg 1920 1080 1.77778
4184.jpg 1920 1080 1.77778
4185.jpg 1920 1080 1.77778
4186.jpg 1920 1080 1.77778
4187.jpg 1920 1080 1.77778
4188.jpg 1920 1080 1.77778
4189.jpg 1920 1080 1.77778
4190.jpg 1920 1080 1.77778
4191.jpg 1920 1080 1.77778
4192.jpg 1920 1080 1.77778
4193.jpg 1920 1080 1.77778
4194.jpg 1920 1080 1.77778
4195.jpg 1920 1080 1.77778
4196.jpg 1920 1080 1.77778
4197.jpg 1920 1080 1.77778
4198.jpg 1920 1080 1.77778
4199.jpg 1920 1080 1.77778
4200.jpg 1920 1080 1.77778
4201.jpg 1920 1080 1.77778
4202.jpg 1920 1080 1.77778
4203.jpg 1920 1080 1.77778
4204.jpg 1920 1080 1.77778
4205.jpg 1920 1080 1.77778
4206.jpg 1920 1080 1.77778
4207.jpg 1920 1080 1.77778
4208.jpg 1920 1080 1.77778
4209.jpg 1920 1080 1.77778
4210.jpg 1920 1080 1.77778
4211.jpg 1920 1080 1.77778
4212.jpg 1920 1080 1.77778
4213.jpg 1920 1080 1.77778
4214.jpg 1920 1080 1.77778
4215.jpg 1920 1080 1.77778
4216.jpg 1920 1080 1.77778
4217.jpg 1920 1080 1.77778
4218.jpg 1920 1080 1.77778
4219.jpg 1920 1080 1.77778
4220.jpg 1920 1080 1.77778
4221.jpg 1920 1080 1.77778
4222.jpg 1920 1080 1.77778
4223.jpg 1920 1080 1.77778
4224.jpg 1920 1080 1.77778
4225.jpg 1920 1080 1.77778
4226.jpg 1920 1080 1.77778
4227.jpg 1920 1080 1.77778
4228.jpg 1920 1080 1.77778
4229.jpg 1920 1080 1.77778
4230.jpg 1920 1080 1.77778
4231.jpg 1920 1080 1.77778
4232.jpg 1920 1080 1.77778
4233.jpg 1920 1080 1.77778
4234.jpg 1920 1080 1.77778
4235.jpg 1920 1080 1.77778
4236.jpg 1920 1080 1.77778
4237.jpg 1920 1080 1.77778
4238.jpg 1920 1080 1.77778
4239.jpg 1920 1080 1.77778
4240.jpg 1920 1080 1.77778
4241.jpg 1920 1080 1.77778
4242.jpg 1920 1080 1.77778
4243.jpg 1920 1080 1.77778
4244.jpg 1920 1080 1.77778
4245.jpg 1920 1080 1.77778
4246.jpg 1920 1080 1.77778
4247.jpg 1920 1080 1.77778
4248.jpg 1920 1080 1.77778
4249.jpg 1920 1080 1.77778
4250.jpg 1920 1080 1.77778
4251.jpg 1920 1080 1.77778
4252.jpg 1920 1080 1.77778
4253.jpg 1920 1080 1.77778
4254.jpg 1920 1080 1.77778
4255.jpg 1920 1080 1.77778
4256.jpg 1920 1080 1.77778
4257.jpg 1920 1080 1.77778
4258.jpg 1920 1080 1.77778
4259.jpg 1920 1080 1.77778
4260.jpg 1920 1080 1.77778
4261.jpg 1920 1080 1.77778
4262.jpg 1920 1080 1.77778
4263.jpg 1920 1080 1.77778
4264.jpg 1920 1080 1.77778
4265.jpg 1920 1080 1.77778
4266.jpg 1920 1080 1.77778
4267.jpg 1920 1080 1.77778
4268.jpg 1920 1080 1.77778
4269.jpg 1920 1080 1.77778
4270.jpg 1920 1080 1.77778
4271.jpg 1920 1080 1.77778
4272.jpg 1920 1080 1.77778
4273.jpg 1920 1080 1.77778
4274.jpg 1920 1080 1.77778
4275.jpg 1920 1080 1.77778
4276.jpg 1920 1080 1.77778
4277.jpg 1920 1080 1.77778
4278.jpg 1920 1080 1.77778
4279.jpg 1920 1080 1.77778
4280.jpg 1920 1080 1.77778
4281.jpg 1920 1080 1.77778
4282.jpg 1920 1080 1.77778
4283.jpg 1920 1080 1.77778
4284.jpg 1920 1080 1.77778
4285.jpg 1920 1080 1.77778
4286.jpg 1920 1080 1.77778
4287.jpg 1920 1080 1.77778
4288.jpg 1920 1080 1.77778
4289.jpg 1920 1080 1.77778
4290.jpg 1920 1080 1.77778
4291.jpg 1920 1080 1.77778
4292.jpg 1920 1080 1.77778
4293.jpg 1920 1080 1.77778
4294.jpg 1920 1080 1.77778
4295.jpg 1920 1080 1.77778
4296.jpg 1920 1080 1.77778
4297.jpg 1920 1080 1.77778
4298.jpg 1920 1080 1.77778
4299.jpg 1920 1080 1.77778
4300.jpg 1920 1080 1.77778
4301.jpg 1920 1080 1.77778
4302.jpg 1920 1080 1.77778
4303.jpg 1920 1080 1.77778
4304.jpg 1920 1080 1.77778
4305.jpg 1920 1080 1.77778
4306.jpg 1920 1080 1.77778
4307.jpg 1920 1080 1.77778
4308.jpg 1920 1080 1.77778
4309.jpg 1920 1080 1.77778
4310.jpg 1920 1080 1.77778
4311.jpg 1920 1080 1.77778
4312.jpg 1920 1080 1.77778
4313.jpg 1920 1080 1.77778
4314.jpg 1920 1080 1.77778
4315.jpg 1920 1080 1.77778
4316.jpg 1920 1080 1.77778
4317.jpg 1920 1080 1.77778
4318.jpg 1920 1080 1.77778
4319.jpg 1920 1080 1.77778
4320.jpg 1920 1080 1.77778
4321.jpg 1920 1080 1.77778
4322.jpg 1920 1080 1.77778
4323.jpg 1920 1080 1.77778
4324.jpg 1920 1080 1.77778
4325.jpg 1920 1080 1.77778
4326.jpg 1920 1080 1.77778
4327.jpg 1920 1080 1.77778
4328.jpg 1920 1080 1.77778
4329.jpg 1920 1080 1.77778
4330.jpg 1920 1080 1.77778
4331.jpg 1920 1080 1.77778
4332.jpg 1920 1080 1.77778
4333.jpg 1920 1080 1.77778
4334.jpg 1920 1080 1.77778
4335.jpg 1920 1080 1.77778
4336.jpg 1920 1080 1.77778
4337.jpg 1920 1080 1.77778
4338.jpg 1920 1080 1.77778
4339.jpg 1920 1080 1.77778
4340.jpg 1920 1080 1.77778
4341.jpg 1920 1080 1.77778
4342.jpg 1920 1080 1.77778
4343.jpg 1920 1080 1.77778
4344.jpg 1920 1080 1.77778
4345.jpg 1920 1080 1.77778
4346.jpg 1920 1080 1.77778
4347.jpg 1920 1080 1.77778
4348.jpg 1920 1080 1.77778
4349.jpg 1920 1080 1.77778
4350.jpg 1920 1080 1.77778
4351.jpg 1920 1080 1.77778
4352.jpg 1920 1080 1.77778
4353.jpg 1920 1080 1.77778
4354.jpg 1920 1080 1.77778
4355.jpg 1920 1080 1.77778
4356.jpg 1920 1080 1.77778
4357.jpg 1920 1080 1.77778
4358.jpg 1920 1080 1.77778
4359.jpg 1920 1080 1.77778
4360.jpg 1920 1080 1.77778
4361.jpg 1920 1080 1.77778
4362.jpg 1920 1080 1.77778
4363.jpg 1920 1080 1.77778
4364.jpg 1920 1080 1.77778
4365.jpg 1920 1080 1.77778
4366.jpg 1920 1080 1.77778
4367.jpg 1920 1080 1.77778
4368.jpg 1920 1080 1.77778
4369.jpg 1920 1080 1.77778
4370.jpg 1920 1080 1.77778
4371.jpg 1920 1080 1.77778
4372.jpg 1920 1080 1.77778
4373.jpg 1920 1080 1.77778
4374.jpg 1920 1080 1.77778
4375.jpg 1920 1080 1.77778
4376.jpg 1920 1080 1.77778
4377.jpg 1920 1080 1.77778
4378.jpg 1920 1080 1.77778
4379.jpg 1920 1080 1.77778
4380.jpg 1920 1080 1.77778
4381.jpg 1920 1080 1.77778
4382.jpg 1920 1080 1.77778
4383.jpg 1920 1080 1.77778
4384.jpg 1920 1080 1.77778
4385.jpg 1920 1080 1.77778
4386.jpg 1920 1080 1.77778
4387.jpg 1920 1080 1.77778
4388.jpg 1920 1080 1.77778
4389.jpg 1920 1080 1.77778
4390.jpg 1920 1080 1.77778
4391.jpg 1920 1080 1.77778
4392.jpg 1920 1080 1.77778
4393.jpg 1920 1080 1.77778
4394.jpg 1920 1080 1.77778
4395.jpg 1920 1080 1.77778
4396.jpg 1920 1080 1.77778
4397.jpg 1920 1080 1.77778
4398.jpg 1920 1080 1.77778
4399.jpg 1920 1080 1.77778
4400.jpg 1920 1080 1.77778
4401.jpg 1920 1080 1.77778
4402.jpg 1920 1080 1.77778
4403.jpg 1920 1080 1.77778
4404.jpg 1920 1080 1.77778
4405.jpg 1920 1080 1.77778
4406.jpg 1920 1080 1.77778
4407.jpg 1920 1080 1.77778
4408.jpg 1920 1080 1.77778
4409.jpg 1920 1080 1.77778
4410.jpg 1920 1080 1.77778
4411.jpg 1920 1080 1.77778
4412.jpg 1920 1080 1.77778
4413.jpg 1920 1080 1.77778
4414.jpg 1920 1080 1.77778
4415.jpg 1920 1080 1.77778
4416.jpg 1920 1080 1.77778
4417.jpg 1920 1080 1.77778
4418.jpg 1920 1080 1.77778
4419.jpg 1920 1080 1.77778
4420.jpg 1920 1080 1.77778
4421.jpg 1920 1080 1.77778
4422.jpg 1920 1080 1.77778
4423.jpg 1920 1080 1.77778
4424.jpg 1920 1080 1.77778
4425.jpg 1920 1080 1.77778
4426.jpg 1920 1080 1.77778
4427.jpg 1920 1080 1.77778
4428.jpg 1920 1080 1.77778
4429.jpg 1920 1080 1.77778
4430.jpg 1920 1080 1.77778
4431.jpg 1920 1080 1.77778
