0000.jpg 1080 1080 1
0001.jpg 1080 1080 1
0002.jpg 1080 1080 1
0003.jpg 1080 1080 1
0004.jpg 1080 1080 1
0005.jpg 1080 1080 1
0006.jpg 1080 1080 1
0007.jpg 1080 1080 1
0008.jpg 1080 1080 1
0009.jpg 1080 1080 1
0010.jpg 1080 1080 1
0011.jpg 1080 1080 1
0012.jpg 1080 1080 1
0013.jpg 1080 1080 1
0014.jpg 1080 1080 1
0015.jpg 1080 1080 1
0016.jpg 1080 1080 1
0017.jpg 1080 1080 1
0018.jpg 1080 1080 1
0019.jpg 1080 1080 1
0020.jpg 1080 1080 1
0021.jpg 1080 1080 1
0022.jpg 1080 1080 1
0023.jpg 1080 1080 1
0024.jpg 1080 1080 1
0025.jpg 1080 1080 1
0026.jpg 1080 1080 1
0027.jpg 1080 1080 1
0028.jpg 1080 1080 1
0029.jpg 1080 1080 1
0030.jpg 1080 1080 1
0031.jpg 1080 1080 1
0032.jpg 1080 1080 1
0033.jpg 1080 1080 1
0034.jpg 1080 1080 1
0035.jpg 1080 1080 1
0036.jpg 1080 1080 1
0037.jpg 1080 1080 1
0038.jpg 1080 1080 1
0039.jpg 1080 1080 1
0040.jpg 1080 1080 1
0041.jpg 1080 1080 1
0042.jpg 1080 1080 1
0043.jpg 1080 1080 1
0044.jpg 1080 1080 1
0045.jpg 1080 1080 1
0046.jpg 1080 1080 1
0047.jpg 1080 1080 1
0048.jpg 1080 1080 1
0049.jpg 1080 1080 1
0050.jpg 1080 1080 1
0051.jpg 1080 1080 1
0052.jpg 1080 1080 1
0053.jpg 1080 1080 1
0054.jpg 1080 1080 1
0055.jpg 1080 1080 1
0056.jpg 1080 1080 1
0057.jpg 1080 1080 1
0058.jpg 1080 1080 1
0059.jpg 1080 1080 1
0060.jpg 1080 1080 1
0061.jpg 1080 1080 1
0062.jpg 1080 1080 1
0063.jpg 1080 1080 1
0064.jpg 1080 1080 1
0065.jpg 1080 1080 1
0066.jpg 1080 1080 1
0067.jpg 1080 1080 1
0068.jpg 1080 1080 1
0069.jpg 1080 1080 1
0070.jpg 1080 1080 1
0071.jpg 1080 1080 1
0072.jpg 1080 1080 1
0073.jpg 1080 1080 1
0074.jpg 1080 1080 1
0075.jpg 1080 1080 1
0076.jpg 1080 1080 1
0077.jpg 1080 1080 1
0078.jpg 1080 1080 1
0079.jpg 1080 1080 1
0080.jpg 1080 1080 1
0081.jpg 1080 1080 1
0082.jpg 1080 1080 1
0083.jpg 1080 1080 1
0084.jpg 1080 1080 1
0085.jpg 1080 1080 1
0086.jpg 1080 1080 1
0087.jpg 1080 1080 1
0088.jpg 1080 1080 1
0089.jpg 1080 1080 1
0090.jpg 1080 1080 1
0091.jpg 1080 1080 1
0092.jpg 1080 1080 1
0093.jpg 1080 1080 1
0094.jpg 1080 1080 1
0095.jpg 1080 1080 1
0096.jpg 1080 1080 1
0097.jpg 1080 1080 1
0098.jpg 1080 1080 1
0099.jpg 1080 1080 1
0100.jpg 1080 1080 1
0101.jpg 1080 1080 1
0102.jpg 1080 1080 1
0103.jpg 1080 1080 1
0104.jpg 1080 1080 1
0105.jpg 1080 1080 1
0106.jpg 1080 1080 1
0107.jpg 1080 1080 1
0108.jpg 1080 1080 1
0109.jpg 1080 1080 1
0110.jpg 1080 1080 1
0111.jpg 1080 1080 1
0112.jpg 1080 1080 1
0113.jpg 1080 1080 1
0114.jpg 1080 1080 1
0115.jpg 1080 1080 1
0116.jpg 1080 1080 1
0117.jpg 1080 1080 1
0118.jpg 1080 1080 1
0119.jpg 1080 1080 1
0120.jpg 1080 1080 1
0121.jpg 1080 1080 1
0122.jpg 1080 1080 1
0123.jpg 1080 1080 1
0124.jpg 1080 1080 1
0125.jpg 1080 1080 1
0126.jpg 1080 1080 1
0127.jpg 1080 1080 1
0128.jpg 1080 1080 1
0129.jpg 1080 1080 1
0130.jpg 1080 1080 1
0131.jpg 1080 1080 1
0132.jpg 1080 1080 1
0133.jpg 1080 1080 1
0134.jpg 1080 1080 1
0135.jpg 1080 1080 1
0136.jpg 1080 1080 1
0137.jpg 1080 1080 1
0138.jpg 1080 1080 1
0139.jpg 1080 1080 1
0140.jpg 1080 1080 1
0141.jpg 1080 1080 1
0142.jpg 1080 1080 1
0143.jpg 1080 1080 1
