0000.jpg 1550 1080 1.43519
0001.jpg 1550 1080 1.43519
0002.jpg 1550 1080 1.43519
0003.jpg 1550 1080 1.43519
0004.jpg 1550 1080 1.43519
0005.jpg 1550 1080 1.43519
0006.jpg 1550 1080 1.43519
0007.jpg 1550 1080 1.43519
0008.jpg 1550 1080 1.43519
0009.jpg 1550 1080 1.43519
0010.jpg 1550 1080 1.43519
0011.jpg 1550 1080 1.43519
0012.jpg 1550 1080 1.43519
0013.jpg 1550 1080 1.43519
0014.jpg 1550 1080 1.43519
0015.jpg 1550 1080 1.43519
0016.jpg 1550 1080 1.43519
0017.jpg 1550 1080 1.43519
0018.jpg 1550 1080 1.43519
0019.jpg 1550 1080 1.43519
0020.jpg 1550 1080 1.43519
0021.jpg 1550 1080 1.43519
0022.jpg 1550 1080 1.43519
0023.jpg 1550 1080 1.43519
0024.jpg 1550 1080 1.43519
0025.jpg 1550 1080 1.43519
0026.jpg 1550 1080 1.43519
0027.jpg 1550 1080 1.43519
0028.jpg 1550 1080 1.43519
0029.jpg 1550 1080 1.43519
0030.jpg 1550 1080 1.43519
0031.jpg 1550 1080 1.43519
0032.jpg 1550 1080 1.43519
0033.jpg 1550 1080 1.43519
0034.jpg 1550 1080 1.43519
0035.jpg 1550 1080 1.43519
